0,C,0
0,d,1
0,0,2
0,6,3
0,g,4
0,x,5
0,F,6
0,P,7
0,W,8
0,f,9
0,2,10
0,7,11
0,a,12
0,q,13
0,t,14
0,y,15
0,Q,16
0,R,17
0,b,18
0,e,19
0,c,20
0,u,21
0,w,22
0,4,23
0,r,24
0,3,25
0,5,26
0,G,27
0,H,28
0,J,29
0,n,30
0,E,31
0,M,32
0,K,33
0,T,34
0,A,35
0,D,36
0,L,37
0,U,38
0,N,39
0,p,40
0,s,41
0,z,42
0,i,43
0,k,44
0,m,45
0,o,46
0,S,47
0,X,48
0,Y,49
0,Z,50
0,v,51
0,9,52
0,O,53
0,l,54
0,1,55
0,B,56
0,h,57
0,8,58
0,I,59
0,V,60
0,j,61
48,R,17
48,A,35
48,f,9
48,t,14
48,5,26
48,J,29
48,S,47
48,e,19
48,n,30
48,7,11
48,K,33
48,L,37
48,c,20
48,W,8
48,p,40
48,z,42
48,I,59
48,Y,49
48,q,13
48,6,3
48,b,18
48,k,44
48,8,58
48,F,6
48,V,60
48,Z,50
48,o,46
48,r,24
48,w,22
48,3,25
48,Q,16
48,v,51
48,x,5
48,B,56
48,E,31
48,M,32
48,T,34
48,a,12
48,d,1
48,j,61
48,2,10
48,N,39
48,P,7
48,X,48
48,y,15
48,1,55
48,U,38
48,l,54
48,m,45
48,4,23
48,C,0
48,G,27
48,O,53
48,h,57
48,i,43
48,s,41
48,0,2
48,D,36
48,H,28
48,g,4
48,u,21
48,9,52
26,n,30
26,q,13
26,c,20
26,H,28
26,I,59
26,E,31
26,G,27
26,J,29
26,N,39
26,k,44
26,u,21
26,B,56
26,C,0
26,v,51
26,0,2
26,4,23
26,5,26
26,L,37
26,P,7
26,y,15
26,D,36
26,s,41
26,3,25
26,S,47
26,e,19
26,w,22
26,Z,50
26,f,9
26,K,33
26,t,14
26,8,58
26,9,52
26,W,8
26,1,55
26,d,1
26,p,40
26,r,24
26,2,10
26,7,11
26,O,53
26,X,48
26,U,38
26,T,34
26,Y,49
26,a,12
26,g,4
26,j,61
26,m,45
26,F,6
26,M,32
26,6,3
26,x,5
26,A,35
26,i,43
26,o,46
26,z,42
26,Q,16
26,b,18
26,h,57
26,l,54
26,R,17
26,V,60
62,1,63
62,4,64
62,6,65
62,7,66
62,9,67
62,0,68
62,2,69
62,3,70
62,5,71
62,8,72
73,{,74
10,E,31
10,H,28
10,L,37
10,m,45
10,r,24
10,8,58
10,I,59
10,a,12
10,v,51
10,b,18
10,3,25
10,5,26
10,B,56
10,S,47
10,o,46
10,s,41
10,y,15
10,z,42
10,A,35
10,N,39
10,P,7
10,d,1
10,q,13
10,K,33
10,M,32
10,l,54
10,w,22
10,2,10
10,4,23
10,6,3
10,G,27
10,W,8
10,1,55
10,T,34
10,U,38
10,g,4
10,t,14
10,u,21
10,J,29
10,O,53
10,V,60
10,0,2
10,9,52
10,C,0
10,D,36
10,k,44
10,p,40
10,Y,49
10,f,9
10,j,61
10,R,17
10,Z,50
10,h,57
10,i,43
10,X,48
10,e,19
10,n,30
10,F,6
10,Q,16
10,c,20
10,x,5
10,7,11
75,n,30
75,0,2
75,4,23
75,5,26
75,F,6
75,G,27
75,K,33
75,Y,49
75,Z,50
75,i,43
75,u,21
75,D,36
75,N,39
75,k,44
75,w,22
75,1,55
75,6,3
75,h,57
75,m,45
75,y,15
75,L,37
75,P,7
75,r,24
75,C,0
75,E,31
75,U,38
75,V,60
75,b,18
75,x,5
75,d,1
75,8,58
75,R,17
75,l,54
75,q,13
75,t,14
75,7,11
75,S,47
75,j,61
75,v,51
75,9,52
75,a,12
75,A,35
75,O,53
75,g,4
75,o,46
75,T,34
75,B,56
75,J,29
75,c,20
75,s,41
75,z,42
75,I,59
75,X,48
75,2,10
75,M,32
75,Q,16
75,W,8
75,e,19
75,3,25
75,H,28
75,f,9
75,p,40
13,r,24
13,n,30
13,y,15
13,1,55
13,5,26
13,A,35
13,V,60
13,i,43
13,x,5
13,7,11
13,F,6
13,S,47
13,U,38
13,u,21
13,4,23
13,D,36
13,J,29
13,Z,50
13,s,41
13,P,7
13,R,17
13,q,13
13,X,48
13,l,54
13,z,42
13,f,9
13,j,61
13,m,45
13,t,14
13,6,3
13,9,52
13,b,18
13,e,19
13,o,46
13,d,1
13,g,4
13,0,2
13,K,33
13,Q,16
13,Y,49
13,p,40
13,O,53
13,c,20
13,k,44
13,8,58
13,L,37
13,h,57
13,w,22
13,2,10
13,G,27
13,I,59
13,a,12
13,E,31
13,H,28
13,M,32
13,T,34
13,W,8
13,v,51
13,3,25
13,B,56
13,C,0
13,N,39
76,2,10
76,O,53
76,Q,16
76,X,48
76,j,61
76,c,20
76,i,43
76,m,45
76,v,51
76,R,17
76,3,25
76,9,52
76,F,6
76,h,57
76,6,3
76,G,27
76,H,28
76,K,33
76,r,24
76,V,60
76,C,0
76,1,55
76,I,59
76,e,19
76,f,9
76,t,14
76,7,11
76,a,12
76,q,13
76,u,21
76,x,5
76,g,4
76,y,15
76,5,26
76,8,58
76,E,31
76,N,39
76,P,7
76,4,23
76,D,36
76,J,29
76,l,54
76,o,46
76,s,41
76,z,42
76,L,37
76,T,34
76,U,38
76,d,1
76,0,2
76,Z,50
76,w,22
76,B,56
76,W,8
76,Y,49
76,k,44
76,n,30
76,p,40
76,A,35
76,M,32
76,S,47
76,b,18
71,0,68
71,3,70
71,6,65
71,7,66
71,8,72
71,9,67
71,1,63
71,2,69
71,4,64
71,5,71
32,A,35
32,e,19
32,y,15
32,f,9
32,k,44
32,p,40
32,U,38
32,t,14
32,w,22
32,7,11
32,G,27
32,N,39
32,S,47
32,V,60
32,g,4
32,0,2
32,q,13
32,s,41
32,E,31
32,F,6
32,a,12
32,o,46
32,J,29
32,P,7
32,W,8
32,b,18
32,c,20
32,i,43
32,1,55
32,H,28
32,I,59
32,M,32
32,u,21
32,8,58
32,C,0
32,K,33
32,R,17
32,L,37
32,x,5
32,5,26
32,r,24
32,v,51
32,D,36
32,Q,16
32,Y,49
32,d,1
32,9,52
32,B,56
32,T,34
32,Z,50
32,4,23
32,6,3
32,O,53
32,X,48
32,j,61
32,n,30
32,2,10
32,3,25
32,h,57
32,l,54
32,z,42
32,m,45
77,M,32
77,m,45
77,o,46
77,8,58
77,L,37
77,d,1
77,5,26
77,H,28
77,T,34
77,l,54
77,q,13
77,7,11
77,B,56
77,u,21
77,0,2
77,G,27
77,N,39
77,P,7
77,a,12
77,F,6
77,Z,50
77,b,18
77,k,44
77,9,52
77,K,33
77,X,48
77,e,19
77,1,55
77,D,36
77,R,17
77,W,8
77,y,15
77,z,42
77,f,9
77,g,4
77,4,23
77,A,35
77,U,38
77,V,60
77,x,5
77,E,31
77,i,43
77,p,40
77,J,29
77,Y,49
77,c,20
77,6,3
77,C,0
77,O,53
77,Q,16
77,h,57
77,2,10
77,3,25
77,I,59
77,j,61
77,n,30
77,r,24
77,t,14
77,S,47
77,s,41
77,v,51
77,w,22
78,O,78
78,P,78
78,p,78
78,t,78
78,z,78
78,Y,78
78,r,78
78,w,78
78,4,78
78,R,78
78,n,78
78,1,78
78,G,78
78,I,78
78,S,78
78,W,78
78,3,78
78,A,78
78,a,78
78,d,78
78,l,78
78,f,78
78,m,78
78,0,78
78,D,78
78,K,78
78,L,78
78,N,78
78,Q,78
78,T,78
78,U,78
78,g,78
78,u,78
78,5,78
78,7,78
78,6,78
78,9,78
78,C,78
78,F,78
78,H,78
78,E,78
78,Z,78
78,v,78
78,2,78
78,c,78
78,k,78
78,8,78
78,M,78
78,i,78
78,j,78
78,o,78
78,x,78
78,q,78
78,s,78
78,h,78
78,y,78
78,B,78
78,J,78
78,V,78
78,X,78
78,b,78
78,e,78
42,8,58
42,J,29
42,X,48
42,h,57
42,i,43
42,x,5
42,d,1
42,z,42
42,2,10
42,O,53
42,Y,49
42,c,20
42,o,46
42,C,0
42,D,36
42,t,14
42,9,52
42,q,13
42,r,24
42,y,15
42,M,32
42,Q,16
42,R,17
42,1,55
42,F,6
42,j,61
42,l,54
42,5,26
42,Z,50
42,3,25
42,U,38
42,V,60
42,u,21
42,a,12
42,g,4
42,n,30
42,0,2
42,s,41
42,7,11
42,L,37
42,m,45
42,p,40
42,v,51
42,f,9
42,k,44
42,w,22
42,A,35
42,B,56
42,E,31
42,T,34
42,b,18
42,6,3
42,K,33
42,P,7
42,S,47
42,H,28
42,I,59
42,W,8
42,e,19
42,4,23
42,G,27
42,N,39
7,R,17
7,Y,49
7,e,19
7,s,41
7,4,23
7,N,39
7,Q,16
7,a,12
7,n,30
7,t,14
7,H,28
7,j,61
7,1,55
7,G,27
7,d,1
7,g,4
7,k,44
7,q,13
7,l,54
7,B,56
7,U,38
7,V,60
7,Z,50
7,b,18
7,p,40
7,x,5
7,3,25
7,F,6
7,T,34
7,o,46
7,A,35
7,r,24
7,y,15
7,2,10
7,7,11
7,0,2
7,I,59
7,S,47
7,W,8
7,X,48
7,u,21
7,z,42
7,5,26
7,h,57
7,m,45
7,8,58
7,C,0
7,D,36
7,K,33
7,P,7
7,c,20
7,J,29
7,f,9
7,M,32
7,i,43
7,v,51
7,9,52
7,E,31
7,L,37
7,O,53
7,w,22
7,6,3
25,H,28
25,P,7
25,V,60
25,2,10
25,L,37
25,S,47
25,W,8
25,Y,49
25,1,55
25,6,3
25,A,35
25,y,15
25,M,32
25,N,39
25,f,9
25,h,57
25,o,46
25,w,22
25,x,5
25,7,11
25,O,53
25,Q,16
25,b,18
25,i,43
25,l,54
25,m,45
25,J,29
25,3,25
25,B,56
25,F,6
25,j,61
25,r,24
25,0,2
25,8,58
25,K,33
25,R,17
25,n,30
25,E,31
25,X,48
25,p,40
25,z,42
25,5,26
25,Z,50
25,a,12
25,c,20
25,d,1
25,e,19
25,D,36
25,G,27
25,q,13
25,u,21
25,U,38
25,4,23
25,T,34
25,k,44
25,s,41
25,I,59
25,t,14
25,v,51
25,C,0
25,g,4
25,9,52
79,0,68
79,3,70
79,4,64
79,7,66
79,8,72
79,9,67
79,1,63
79,2,69
79,5,71
79,6,65
80,),81
15,b,18
15,n,30
15,t,14
15,4,23
15,M,32
15,g,4
15,k,44
15,z,42
15,W,8
15,y,15
15,6,3
15,3,25
15,5,26
15,R,17
15,U,38
15,Y,49
15,e,19
15,x,5
15,D,36
15,S,47
15,X,48
15,a,12
15,P,7
15,Z,50
15,f,9
15,l,54
15,1,55
15,C,0
15,I,59
15,j,61
15,2,10
15,A,35
15,T,34
15,V,60
15,u,21
15,0,2
15,s,41
15,w,22
15,J,29
15,L,37
15,N,39
15,p,40
15,q,13
15,F,6
15,Q,16
15,h,57
15,8,58
15,i,43
15,r,24
15,9,52
15,E,31
15,H,28
15,K,33
15,O,53
15,v,51
15,B,56
15,c,20
15,m,45
15,7,11
15,G,27
15,d,1
15,o,46
82,f,9
82,l,54
82,q,13
82,v,51
82,B,56
82,h,57
82,w,22
82,9,52
82,L,37
82,s,41
82,j,61
82,7,11
82,A,35
82,T,34
82,o,46
82,K,33
82,z,42
82,3,25
82,x,5
82,c,20
82,r,24
82,6,3
82,M,32
82,V,60
82,e,19
82,m,45
82,p,40
82,5,26
82,N,39
82,Q,16
82,W,8
82,Z,50
82,k,44
82,4,23
82,O,53
82,Y,49
82,y,15
82,S,47
82,I,59
82,J,29
82,a,12
82,d,1
82,n,30
82,0,2
82,1,55
82,G,27
82,P,7
82,R,17
82,t,14
82,8,58
82,H,28
82,b,18
82,F,6
82,D,36
82,E,31
82,U,38
82,g,4
82,i,43
82,C,0
82,u,21
82,2,10
82,X,48
59,J,29
59,3,25
59,c,20
59,s,41
59,1,55
59,B,56
59,w,22
59,b,18
59,p,40
59,z,42
59,M,32
59,O,53
59,m,45
59,N,39
59,T,34
59,j,61
59,v,51
59,2,10
59,5,26
59,W,8
59,d,1
59,S,47
59,r,24
59,E,31
59,R,17
59,7,11
59,a,12
59,g,4
59,o,46
59,Y,49
59,i,43
59,C,0
59,K,33
59,V,60
59,Z,50
59,t,14
59,8,58
59,H,28
59,I,59
59,6,3
59,9,52
59,Q,16
59,f,9
59,4,23
59,L,37
59,u,21
59,k,44
59,0,2
59,F,6
59,e,19
59,n,30
59,x,5
59,G,27
59,X,48
59,P,7
59,U,38
59,h,57
59,l,54
59,q,13
59,y,15
59,A,35
59,D,36
23,u,21
23,9,52
23,7,11
23,B,56
23,J,29
23,U,38
23,g,4
23,2,10
23,5,26
23,D,36
23,I,59
23,Q,16
23,r,24
23,w,22
23,8,58
23,X,48
23,0,2
23,E,31
23,K,33
23,M,32
23,f,9
23,n,30
23,t,14
23,c,20
23,j,61
23,z,42
23,v,51
23,6,3
23,G,27
23,Z,50
23,h,57
23,k,44
23,W,8
23,s,41
23,y,15
23,C,0
23,H,28
23,T,34
23,V,60
23,Y,49
23,i,43
23,b,18
23,l,54
23,x,5
23,P,7
23,1,55
23,4,23
23,R,17
23,e,19
23,o,46
23,p,40
23,3,25
23,S,47
23,q,13
23,A,35
23,L,37
23,N,39
23,O,53
23,a,12
23,F,6
23,d,1
23,m,45
49,q,13
49,M,32
49,l,54
49,8,58
49,p,40
49,u,21
49,N,39
49,b,18
49,z,42
49,5,26
49,G,27
49,L,37
49,1,55
49,B,56
49,o,46
49,j,61
49,t,14
49,4,23
49,T,34
49,d,1
49,s,41
49,w,22
49,h,57
49,n,30
49,W,8
49,c,20
49,i,43
49,x,5
49,3,25
49,E,31
49,I,59
49,6,3
49,Z,50
49,e,19
49,9,52
49,H,28
49,X,48
49,C,0
49,S,47
49,k,44
49,2,10
49,A,35
49,O,53
49,f,9
49,D,36
49,K,33
49,y,15
49,J,29
49,r,24
49,a,12
49,g,4
49,m,45
49,v,51
49,7,11
49,F,6
49,Y,49
49,V,60
49,0,2
49,P,7
49,Q,16
49,R,17
49,U,38
83,h,57
83,c,20
83,L,37
83,a,12
83,o,46
83,D,36
83,P,7
83,b,18
83,7,11
83,y,15
83,j,61
83,u,21
83,9,52
83,B,56
83,F,6
83,H,28
83,Z,50
83,k,44
83,I,59
83,N,39
83,U,38
83,d,1
83,q,13
83,4,23
83,J,29
83,V,60
83,i,43
83,s,41
83,2,10
83,K,33
83,g,4
83,G,27
83,O,53
83,x,5
83,5,26
83,E,31
83,S,47
83,z,42
83,0,2
83,C,0
83,Y,49
83,8,58
83,p,40
83,v,51
83,3,25
83,A,35
83,M,32
83,f,9
83,l,54
83,m,45
83,W,8
83,X,48
83,n,30
83,w,22
83,6,3
83,t,14
83,1,55
83,Q,16
83,R,17
83,T,34
83,e,19
83,r,24
67,6,65
67,8,72
67,9,67
67,1,63
67,2,69
67,3,70
67,7,66
67,0,68
67,4,64
67,5,71
84,.,85
19,n,30
19,p,40
19,8,58
19,K,33
19,W,8
19,b,18
19,4,23
19,f,9
19,s,41
19,t,14
19,N,39
19,Q,16
19,e,19
19,V,60
19,Y,49
19,j,61
19,r,24
19,5,26
19,D,36
19,E,31
19,T,34
19,F,6
19,h,57
19,w,22
19,R,17
19,X,48
19,2,10
19,Z,50
19,9,52
19,x,5
19,1,55
19,C,0
19,d,1
19,o,46
19,z,42
19,I,59
19,c,20
19,g,4
19,v,51
19,a,12
19,i,43
19,l,54
19,0,2
19,7,11
19,A,35
19,H,28
19,U,38
19,q,13
19,6,3
19,J,29
19,L,37
19,M,32
19,u,21
19,y,15
19,3,25
19,P,7
19,S,47
19,k,44
19,m,45
19,B,56
19,G,27
19,O,53
70,5,71
70,6,65
70,7,66
70,8,72
70,9,67
70,0,68
70,2,69
70,4,64
70,1,63
70,3,70
31,q,13
31,b,18
31,f,9
31,m,45
31,v,51
31,1,55
31,B,56
31,S,47
31,u,21
31,7,11
31,P,7
31,R,17
31,t,14
31,J,29
31,d,1
31,o,46
31,2,10
31,E,31
31,F,6
31,X,48
31,w,22
31,A,35
31,I,59
31,Q,16
31,C,0
31,M,32
31,O,53
31,n,30
31,5,26
31,G,27
31,H,28
31,V,60
31,3,25
31,4,23
31,U,38
31,e,19
31,r,24
31,z,42
31,9,52
31,Z,50
31,c,20
31,i,43
31,k,44
31,p,40
31,y,15
31,L,37
31,N,39
31,j,61
31,T,34
31,8,58
31,D,36
31,K,33
31,g,4
31,h,57
31,l,54
31,x,5
31,6,3
31,W,8
31,Y,49
31,a,12
31,s,41
31,0,2
86,Q,16
86,k,44
86,C,0
86,J,29
86,7,11
86,K,33
86,2,10
86,n,30
86,r,24
86,M,32
86,Y,49
86,v,51
86,Z,50
86,t,14
86,I,59
86,X,48
86,1,55
86,g,4
86,p,40
86,q,13
86,8,58
86,U,38
86,V,60
86,s,41
86,3,25
86,G,27
86,i,43
86,S,47
86,5,26
86,D,36
86,O,53
86,N,39
86,P,7
86,y,15
86,4,23
86,B,56
86,E,31
86,b,18
86,d,1
86,z,42
86,9,52
86,L,37
86,a,12
86,e,19
86,A,35
86,H,28
86,u,21
86,c,20
86,h,57
86,l,54
86,w,22
86,0,2
86,W,8
86,f,9
86,o,46
86,x,5
86,6,3
86,T,34
86,j,61
86,m,45
86,F,6
86,R,17
87,0,68
87,1,63
87,2,69
87,6,65
87,8,72
87,9,67
87,3,70
87,4,64
87,5,71
87,7,66
88,(,89
54,5,26
54,q,13
54,s,41
54,8,58
54,r,24
54,d,1
54,i,43
54,l,54
54,N,39
54,O,53
54,P,7
54,a,12
54,H,28
54,I,59
54,g,4
54,3,25
54,D,36
54,J,29
54,f,9
54,v,51
54,1,55
54,A,35
54,0,2
54,j,61
54,F,6
54,Q,16
54,V,60
54,e,19
54,h,57
54,k,44
54,m,45
54,C,0
54,p,40
54,t,14
54,6,3
54,7,11
54,n,30
54,S,47
54,W,8
54,Y,49
54,9,52
54,B,56
54,b,18
54,w,22
54,z,42
54,R,17
54,G,27
54,L,37
54,E,31
54,X,48
54,u,21
54,T,34
54,c,20
54,o,46
54,M,32
54,K,33
54,Z,50
54,x,5
54,y,15
54,2,10
54,4,23
54,U,38
16,D,36
16,Q,16
16,e,19
16,w,22
16,s,41
16,2,10
16,6,3
16,K,33
16,i,43
16,n,30
16,0,2
16,9,52
16,V,60
16,H,28
16,o,46
16,v,51
16,8,58
16,I,59
16,N,39
16,l,54
16,5,26
16,7,11
16,B,56
16,P,7
16,X,48
16,g,4
16,z,42
16,F,6
16,R,17
16,U,38
16,Z,50
16,j,61
16,m,45
16,t,14
16,x,5
16,1,55
16,E,31
16,M,32
16,c,20
16,u,21
16,J,29
16,W,8
16,k,44
16,p,40
16,a,12
16,y,15
16,A,35
16,L,37
16,q,13
16,3,25
16,G,27
16,S,47
16,4,23
16,C,0
16,O,53
16,b,18
16,r,24
16,T,34
16,Y,49
16,d,1
16,f,9
16,h,57
90,b,18
90,p,40
90,7,11
90,9,52
90,I,59
90,N,39
90,X,48
90,r,24
90,4,23
90,C,0
90,K,33
90,f,9
90,y,15
90,E,31
90,l,54
90,v,51
90,o,46
90,8,58
90,Q,16
90,S,47
90,i,43
90,z,42
90,5,26
90,T,34
90,V,60
90,h,57
90,u,21
90,w,22
90,t,14
90,H,28
90,R,17
90,U,38
90,e,19
90,s,41
90,B,56
90,Y,49
90,c,20
90,n,30
90,J,29
90,6,3
90,g,4
90,2,10
90,G,27
90,Z,50
90,a,12
90,m,45
90,0,2
90,3,25
90,A,35
90,O,53
90,P,7
90,W,8
90,k,44
90,F,6
90,M,32
90,d,1
90,j,61
90,D,36
90,L,37
90,q,13
90,x,5
90,1,55
69,5,71
69,6,65
69,7,66
69,0,68
69,1,63
69,2,69
69,3,70
69,4,64
69,8,72
69,9,67
72,2,69
72,4,64
72,6,65
72,0,68
72,3,70
72,5,71
72,7,66
72,8,72
72,9,67
72,1,63
9,3,25
9,7,11
9,X,48
9,o,46
9,u,21
9,f,9
9,g,4
9,A,35
9,Q,16
9,Y,49
9,O,53
9,1,55
9,6,3
9,R,17
9,U,38
9,s,41
9,w,22
9,4,23
9,z,42
9,N,39
9,Z,50
9,k,44
9,C,0
9,l,54
9,m,45
9,q,13
9,F,6
9,I,59
9,p,40
9,i,43
9,n,30
9,v,51
9,D,36
9,K,33
9,M,32
9,j,61
9,5,26
9,B,56
9,E,31
9,J,29
9,W,8
9,d,1
9,t,14
9,y,15
9,9,52
9,S,47
9,T,34
9,b,18
9,8,58
9,H,28
9,V,60
9,c,20
9,2,10
9,P,7
9,h,57
9,x,5
9,e,19
9,r,24
9,0,2
9,G,27
9,L,37
9,a,12
91,C,0
91,H,28
91,M,32
91,c,20
91,d,1
91,r,24
91,v,51
91,f,9
91,4,23
91,F,6
91,O,53
91,Q,16
91,a,12
91,q,13
91,e,19
91,t,14
91,z,42
91,P,7
91,6,3
91,9,52
91,T,34
91,U,38
91,s,41
91,u,21
91,E,31
91,X,48
91,n,30
91,0,2
91,7,11
91,I,59
91,k,44
91,l,54
91,p,40
91,x,5
91,G,27
91,i,43
91,y,15
91,1,55
91,L,37
91,j,61
91,m,45
91,3,25
91,K,33
91,o,46
91,S,47
91,b,18
91,D,36
91,N,39
91,V,60
91,Z,50
91,h,57
91,2,10
91,A,35
91,B,56
91,W,8
91,Y,49
91,5,26
91,J,29
91,R,17
91,g,4
91,w,22
91,8,58
46,a,12
46,o,46
46,C,0
46,I,59
46,V,60
46,v,51
46,1,55
46,U,38
46,6,3
46,M,32
46,s,41
46,b,18
46,D,36
46,Q,16
46,R,17
46,d,1
46,3,25
46,5,26
46,H,28
46,P,7
46,c,20
46,p,40
46,w,22
46,z,42
46,8,58
46,Y,49
46,g,4
46,m,45
46,i,43
46,2,10
46,A,35
46,O,53
46,T,34
46,f,9
46,9,52
46,j,61
46,n,30
46,0,2
46,J,29
46,N,39
46,e,19
46,h,57
46,4,23
46,x,5
46,B,56
46,K,33
46,l,54
46,X,48
46,y,15
46,7,11
46,G,27
46,r,24
46,k,44
46,q,13
46,t,14
46,u,21
46,E,31
46,L,37
46,Z,50
46,F,6
46,S,47
46,W,8
92,m,45
92,u,21
92,3,25
92,b,18
92,i,43
92,l,54
92,z,42
92,E,31
92,o,46
92,2,10
92,X,48
92,f,9
92,x,5
92,1,55
92,s,41
92,R,17
92,T,34
92,t,14
92,v,51
92,J,29
92,O,53
92,W,8
92,0,2
92,5,26
92,6,3
92,I,59
92,K,33
92,V,60
92,c,20
92,d,1
92,e,19
92,j,61
92,r,24
92,a,12
92,q,13
92,w,22
92,y,15
92,A,35
92,C,0
92,F,6
92,Y,49
92,4,23
92,7,11
92,H,28
92,L,37
92,Z,50
92,k,44
92,9,52
92,G,27
92,N,39
92,U,38
92,8,58
92,P,7
92,h,57
92,Q,16
92,S,47
92,n,30
92,p,40
92,B,56
92,D,36
92,M,32
92,g,4
85,.,93
94,D,36
94,n,30
94,t,14
94,s,41
94,5,26
94,B,56
94,E,31
94,L,37
94,N,39
94,T,34
94,g,4
94,j,61
94,k,44
94,v,51
94,x,5
94,8,58
94,Y,49
94,Z,50
94,d,1
94,m,45
94,w,22
94,2,10
94,7,11
94,4,23
94,H,28
94,O,53
94,p,40
94,0,2
94,J,29
94,P,7
94,r,24
94,z,42
94,A,35
94,I,59
94,q,13
94,9,52
94,G,27
94,K,33
94,U,38
94,W,8
94,F,6
94,o,46
94,y,15
94,S,47
94,a,12
94,Q,16
94,V,60
94,b,18
94,e,19
94,l,54
94,u,21
94,R,17
94,X,48
94,h,57
94,1,55
94,C,0
94,M,32
94,c,20
94,f,9
94,i,43
94,3,25
94,6,3
12,c,20
12,e,19
12,o,46
12,C,0
12,X,48
12,E,31
12,x,5
12,3,25
12,6,3
12,F,6
12,J,29
12,L,37
12,Q,16
12,S,47
12,G,27
12,R,17
12,r,24
12,2,10
12,Y,49
12,f,9
12,k,44
12,s,41
12,O,53
12,P,7
12,l,54
12,M,32
12,h,57
12,m,45
12,v,51
12,9,52
12,1,55
12,5,26
12,A,35
12,H,28
12,I,59
12,V,60
12,y,15
12,D,36
12,u,21
12,4,23
12,W,8
12,a,12
12,d,1
12,t,14
12,7,11
12,8,58
12,U,38
12,Z,50
12,g,4
12,n,30
12,z,42
12,j,61
12,T,34
12,i,43
12,p,40
12,0,2
12,w,22
12,B,56
12,K,33
12,N,39
12,b,18
12,q,13
66,0,68
66,1,63
66,2,69
66,7,66
66,8,72
66,3,70
66,4,64
66,5,71
66,6,65
66,9,67
81,),81
95,),80
96,],97
98,{,73
99,O,53
99,d,1
99,g,4
99,y,15
99,v,51
99,J,29
99,T,34
99,q,13
99,t,14
99,7,11
99,8,58
99,l,54
99,x,5
99,0,2
99,5,26
99,C,0
99,E,31
99,V,60
99,a,12
99,i,43
99,6,3
99,F,6
99,N,39
99,u,21
99,A,35
99,D,36
99,3,25
99,s,41
99,M,32
99,S,47
99,c,20
99,e,19
99,L,37
99,j,61
99,w,22
99,B,56
99,Z,50
99,k,44
99,r,24
99,p,40
99,I,59
99,Y,49
99,m,45
99,o,46
99,G,27
99,K,33
99,h,57
99,2,10
99,f,9
99,n,30
99,4,23
99,H,28
99,R,17
99,U,38
99,b,18
99,P,7
99,9,52
99,1,55
99,Q,16
99,W,8
99,X,48
99,z,42
52,K,33
52,s,41
52,t,14
52,0,2
52,B,56
52,C,0
52,F,6
52,Y,49
52,a,12
52,b,18
52,j,61
52,q,13
52,A,35
52,T,34
52,7,11
52,Z,50
52,r,24
52,6,3
52,N,39
52,x,5
52,L,37
52,R,17
52,W,8
52,k,44
52,P,7
52,U,38
52,d,1
52,M,32
52,o,46
52,y,15
52,8,58
52,n,30
52,D,36
52,c,20
52,v,51
52,1,55
52,G,27
52,m,45
52,5,26
52,I,59
52,h,57
52,p,40
52,w,22
52,3,25
52,9,52
52,O,53
52,S,47
52,g,4
52,u,21
52,H,28
52,J,29
52,Q,16
52,i,43
52,l,54
52,2,10
52,X,48
52,f,9
52,4,23
52,E,31
52,V,60
52,e,19
52,z,42
47,d,1
47,f,9
47,S,47
47,H,28
47,M,32
47,g,4
47,k,44
47,r,24
47,5,26
47,6,3
47,T,34
47,a,12
47,W,8
47,b,18
47,v,51
47,x,5
47,y,15
47,z,42
47,N,39
47,O,53
47,3,25
47,7,11
47,Y,49
47,p,40
47,I,59
47,V,60
47,C,0
47,G,27
47,o,46
47,0,2
47,L,37
47,h,57
47,Q,16
47,U,38
47,F,6
47,J,29
47,m,45
47,8,58
47,B,56
47,R,17
47,1,55
47,e,19
47,l,54
47,u,21
47,E,31
47,Z,50
47,9,52
47,P,7
47,i,43
47,c,20
47,j,61
47,w,22
47,2,10
47,D,36
47,K,33
47,n,30
47,4,23
47,q,13
47,s,41
47,t,14
47,A,35
47,X,48
60,K,33
60,O,53
60,i,43
60,6,3
60,G,27
60,n,30
60,Q,16
60,J,29
60,X,48
60,Y,49
60,Z,50
60,8,58
60,A,35
60,L,37
60,T,34
60,a,12
60,g,4
60,j,61
60,B,56
60,m,45
60,w,22
60,I,59
60,c,20
60,u,21
60,P,7
60,s,41
60,x,5
60,5,26
60,C,0
60,e,19
60,E,31
60,f,9
60,p,40
60,y,15
60,W,8
60,d,1
60,o,46
60,0,2
60,9,52
60,H,28
60,2,10
60,U,38
60,M,32
60,h,57
60,q,13
60,z,42
60,1,55
60,7,11
60,F,6
60,r,24
60,4,23
60,R,17
60,b,18
60,S,47
60,N,39
60,V,60
60,k,44
60,l,54
60,t,14
60,v,51
60,3,25
60,D,36
100,I,59
100,V,60
100,W,8
100,6,3
100,9,52
100,x,5
100,z,42
100,B,56
100,D,36
100,N,39
100,X,48
100,p,40
100,q,13
100,7,11
100,K,33
100,O,53
100,h,57
100,n,30
100,E,31
100,G,27
100,Q,16
100,i,43
100,L,37
100,l,54
100,A,35
100,a,12
100,d,1
100,f,9
100,v,51
100,8,58
100,M,32
100,R,17
100,Y,49
100,w,22
100,C,0
100,P,7
100,r,24
100,4,23
100,F,6
100,j,61
100,o,46
100,u,21
100,J,29
100,1,55
100,3,25
100,Z,50
100,c,20
100,U,38
100,b,18
100,g,4
100,s,41
100,y,15
100,2,10
100,e,19
100,k,44
100,5,26
100,H,28
100,S,47
100,T,34
100,m,45
100,t,14
100,0,2
8,D,36
8,j,61
8,P,7
8,U,38
8,c,20
8,g,4
8,2,10
8,A,35
8,E,31
8,q,13
8,r,24
8,v,51
8,w,22
8,K,33
8,M,32
8,Y,49
8,a,12
8,k,44
8,3,25
8,F,6
8,N,39
8,O,53
8,V,60
8,W,8
8,6,3
8,J,29
8,S,47
8,p,40
8,7,11
8,H,28
8,l,54
8,n,30
8,s,41
8,h,57
8,m,45
8,B,56
8,Q,16
8,1,55
8,8,58
8,C,0
8,G,27
8,L,37
8,T,34
8,X,48
8,i,43
8,R,17
8,b,18
8,o,46
8,u,21
8,4,23
8,5,26
8,e,19
8,x,5
8,0,2
8,I,59
8,y,15
8,d,1
8,f,9
8,z,42
8,Z,50
8,t,14
8,9,52
101,u,21
101,v,51
101,0,2
101,T,34
101,U,38
101,c,20
101,h,57
101,k,44
101,m,45
101,H,28
101,K,33
101,6,3
101,o,46
101,t,14
101,n,30
101,I,59
101,e,19
101,y,15
101,1,55
101,b,18
101,s,41
101,P,7
101,a,12
101,7,11
101,8,58
101,D,36
101,O,53
101,X,48
101,5,26
101,N,39
101,Q,16
101,p,40
101,z,42
101,9,52
101,L,37
101,R,17
101,4,23
101,g,4
101,j,61
101,J,29
101,3,25
101,E,31
101,F,6
101,V,60
101,q,13
101,x,5
101,2,10
101,W,8
101,f,9
101,G,27
101,M,32
101,Z,50
101,w,22
101,A,35
101,C,0
101,Y,49
101,d,1
101,i,43
101,l,54
101,r,24
101,B,56
101,S,47
102,],102
103,M,32
103,B,56
103,D,36
103,H,28
103,c,20
103,0,2
103,7,11
103,E,31
103,I,59
103,P,7
103,V,60
103,d,1
103,w,22
103,C,0
103,X,48
103,Z,50
103,b,18
103,x,5
103,5,26
103,G,27
103,J,29
103,W,8
103,h,57
103,s,41
103,2,10
103,F,6
103,N,39
103,g,4
103,m,45
103,q,13
103,z,42
103,o,46
103,y,15
103,1,55
103,Q,16
103,R,17
103,u,21
103,A,35
103,K,33
103,k,44
103,8,58
103,9,52
103,3,25
103,4,23
103,O,53
103,S,47
103,T,34
103,Y,49
103,j,61
103,p,40
103,r,24
103,v,51
103,l,54
103,t,14
103,6,3
103,L,37
103,a,12
103,e,19
103,i,43
103,U,38
103,f,9
103,n,30
55,F,6
55,S,47
55,Y,49
55,c,20
55,C,0
55,D,36
55,R,17
55,p,40
55,U,38
55,j,61
55,k,44
55,3,25
55,o,46
55,w,22
55,G,27
55,M,32
55,f,9
55,i,43
55,K,33
55,N,39
55,W,8
55,m,45
55,t,14
55,H,28
55,X,48
55,L,37
55,b,18
55,q,13
55,u,21
55,5,26
55,E,31
55,a,12
55,h,57
55,x,5
55,4,23
55,A,35
55,Q,16
55,V,60
55,s,41
55,7,11
55,B,56
55,J,29
55,T,34
55,d,1
55,r,24
55,I,59
55,n,30
55,v,51
55,1,55
55,6,3
55,8,58
55,O,53
55,P,7
55,Z,50
55,e,19
55,g,4
55,9,52
55,l,54
55,y,15
55,z,42
55,0,2
55,2,10
104,E,31
104,I,59
104,P,7
104,X,48
104,i,43
104,q,13
104,z,42
104,C,0
104,G,27
104,R,17
104,x,5
104,3,25
104,5,26
104,8,58
104,B,56
104,V,60
104,W,8
104,e,19
104,m,45
104,s,41
104,7,11
104,Z,50
104,1,55
104,N,39
104,c,20
104,u,21
104,y,15
104,H,28
104,Q,16
104,o,46
104,9,52
104,D,36
104,S,47
104,T,34
104,U,38
104,b,18
104,f,9
104,h,57
104,j,61
104,4,23
104,p,40
104,A,35
104,K,33
104,g,4
104,0,2
104,O,53
104,Y,49
104,l,54
104,v,51
104,L,37
104,M,32
104,k,44
104,n,30
104,2,10
104,F,6
104,J,29
104,d,1
104,w,22
104,a,12
104,r,24
104,t,14
104,6,3
105,D,36
105,S,47
105,z,42
105,9,52
105,I,59
105,g,4
105,s,41
105,0,2
105,6,3
105,Q,16
105,c,20
105,p,40
105,2,10
105,K,33
105,T,34
105,t,14
105,7,11
105,m,45
105,q,13
105,w,22
105,4,23
105,Y,49
105,Z,50
105,f,9
105,h,57
105,G,27
105,5,26
105,C,0
105,N,39
105,V,60
105,o,46
105,x,5
105,M,32
105,u,21
105,y,15
105,F,6
105,P,7
105,e,19
105,n,30
105,r,24
105,3,25
105,H,28
105,O,53
105,b,18
105,i,43
105,B,56
105,J,29
105,a,12
105,j,61
105,1,55
105,8,58
105,W,8
105,k,44
105,v,51
105,A,35
105,U,38
105,X,48
105,l,54
105,E,31
105,L,37
105,R,17
105,d,1
3,Q,16
3,h,57
3,i,43
3,V,60
3,a,12
3,l,54
3,D,36
3,G,27
3,H,28
3,P,7
3,T,34
3,F,6
3,d,1
3,o,46
3,3,25
3,6,3
3,C,0
3,j,61
3,y,15
3,9,52
3,I,59
3,m,45
3,p,40
3,K,33
3,b,18
3,e,19
3,5,26
3,L,37
3,M,32
3,S,47
3,W,8
3,g,4
3,E,31
3,8,58
3,X,48
3,q,13
3,x,5
3,c,20
3,n,30
3,t,14
3,J,29
3,Y,49
3,2,10
3,7,11
3,B,56
3,s,41
3,v,51
3,z,42
3,1,55
3,O,53
3,4,23
3,r,24
3,w,22
3,A,35
3,R,17
3,k,44
3,0,2
3,N,39
3,U,38
3,Z,50
3,f,9
3,u,21
106,P,7
106,f,9
106,i,43
106,y,15
106,4,23
106,K,33
106,U,38
106,r,24
106,s,41
106,2,10
106,R,17
106,5,26
106,E,31
106,W,8
106,h,57
106,z,42
106,G,27
106,d,1
106,o,46
106,8,58
106,M,32
106,Y,49
106,I,59
106,L,37
106,O,53
106,Q,16
106,e,19
106,t,14
106,A,35
106,a,12
106,g,4
106,1,55
106,C,0
106,V,60
106,l,54
106,F,6
106,X,48
106,9,52
106,N,39
106,b,18
106,c,20
106,m,45
106,p,40
106,w,22
106,0,2
106,S,47
106,3,25
106,6,3
106,B,56
106,J,29
106,D,36
106,T,34
106,7,11
106,H,28
106,j,61
106,k,44
106,n,30
106,q,13
106,u,21
106,v,51
106,x,5
106,Z,50
107,h,57
107,p,40
107,s,41
107,x,5
107,0,2
107,R,17
107,W,8
107,L,37
107,n,30
107,1,55
107,C,0
107,D,36
107,o,46
107,t,14
107,9,52
107,A,35
107,e,19
107,J,29
107,Z,50
107,c,20
107,r,24
107,B,56
107,H,28
107,2,10
107,3,25
107,T,34
107,q,13
107,U,38
107,v,51
107,K,33
107,P,7
107,z,42
107,4,23
107,6,3
107,7,11
107,G,27
107,d,1
107,y,15
107,5,26
107,N,39
107,O,53
107,Y,49
107,k,44
107,I,59
107,Q,16
107,i,43
107,m,45
107,w,22
107,M,32
107,b,18
107,j,61
107,8,58
107,E,31
107,a,12
107,S,47
107,l,54
107,f,9
107,X,48
107,g,4
107,u,21
107,F,6
107,V,60
108,G,27
108,J,29
108,P,7
108,X,48
108,w,22
108,0,2
108,Z,50
108,c,20
108,4,23
108,k,44
108,y,15
108,5,26
108,L,37
108,V,60
108,7,11
108,z,42
108,E,31
108,T,34
108,l,54
108,t,14
108,g,4
108,r,24
108,v,51
108,K,33
108,b,18
108,j,61
108,9,52
108,p,40
108,F,6
108,Q,16
108,S,47
108,a,12
108,e,19
108,n,30
108,C,0
108,D,36
108,N,39
108,W,8
108,m,45
108,2,10
108,1,55
108,B,56
108,I,59
108,U,38
108,d,1
108,o,46
108,x,5
108,u,21
108,3,25
108,6,3
108,R,17
108,H,28
108,O,53
108,f,9
108,i,43
108,h,57
108,q,13
108,s,41
108,8,58
108,A,35
108,M,32
108,Y,49
20,i,43
20,6,3
20,W,8
20,F,6
20,Y,49
20,x,5
20,4,23
20,E,31
20,z,42
20,X,48
20,e,19
20,Q,16
20,c,20
20,k,44
20,B,56
20,t,14
20,7,11
20,j,61
20,v,51
20,u,21
20,M,32
20,O,53
20,Z,50
20,d,1
20,g,4
20,s,41
20,w,22
20,J,29
20,5,26
20,I,59
20,L,37
20,P,7
20,T,34
20,0,2
20,C,0
20,K,33
20,S,47
20,m,45
20,p,40
20,q,13
20,D,36
20,n,30
20,8,58
20,V,60
20,N,39
20,b,18
20,f,9
20,3,25
20,9,52
20,G,27
20,h,57
20,o,46
20,r,24
20,A,35
20,y,15
20,1,55
20,U,38
20,R,17
20,l,54
20,2,10
20,H,28
20,a,12
109,7,11
109,m,45
109,t,14
109,z,42
109,L,37
109,x,5
109,6,3
109,n,30
109,d,1
109,p,40
109,3,25
109,X,48
109,M,32
109,O,53
109,e,19
109,A,35
109,P,7
109,2,10
109,K,33
109,U,38
109,j,61
109,s,41
109,v,51
109,S,47
109,J,29
109,N,39
109,Q,16
109,R,17
109,Y,49
109,B,56
109,q,13
109,F,6
109,Z,50
109,c,20
109,u,21
109,8,58
109,E,31
109,D,36
109,G,27
109,i,43
109,C,0
109,o,46
109,r,24
109,y,15
109,9,52
109,b,18
109,a,12
109,g,4
109,h,57
109,k,44
109,4,23
109,I,59
109,0,2
109,1,55
109,T,34
109,5,26
109,f,9
109,V,60
109,W,8
109,l,54
109,w,22
109,H,28
53,h,57
53,0,2
53,Z,50
53,O,53
53,c,20
53,p,40
53,3,25
53,J,29
53,g,4
53,K,33
53,R,17
53,w,22
53,5,26
53,6,3
53,7,11
53,D,36
53,G,27
53,I,59
53,M,32
53,T,34
53,t,14
53,x,5
53,z,42
53,A,35
53,4,23
53,k,44
53,q,13
53,a,12
53,n,30
53,S,47
53,P,7
53,Q,16
53,e,19
53,o,46
53,y,15
53,N,39
53,U,38
53,v,51
53,2,10
53,B,56
53,i,43
53,m,45
53,F,6
53,H,28
53,f,9
53,8,58
53,E,31
53,X,48
53,u,21
53,W,8
53,Y,49
53,l,54
53,s,41
53,L,37
53,9,52
53,1,55
53,V,60
53,b,18
53,d,1
53,j,61
53,r,24
53,C,0
110,=,110
111,},112
113,X,48
113,Z,50
113,k,44
113,l,54
113,1,55
113,6,3
113,J,29
113,d,1
113,j,61
113,r,24
113,0,2
113,P,7
113,c,20
113,g,4
113,o,46
113,I,59
113,U,38
113,E,31
113,T,34
113,W,8
113,h,57
113,s,41
113,O,53
113,G,27
113,e,19
113,5,26
113,F,6
113,K,33
113,b,18
113,m,45
113,p,40
113,8,58
113,S,47
113,Q,16
113,a,12
113,t,14
113,u,21
113,y,15
113,2,10
113,B,56
113,w,22
113,R,17
113,Y,49
113,v,51
113,9,52
113,M,32
113,H,28
113,f,9
113,x,5
113,D,36
113,z,42
113,3,25
113,V,60
113,n,30
113,7,11
113,i,43
113,L,37
113,N,39
113,q,13
113,4,23
113,C,0
113,A,35
114,E,31
114,j,61
114,x,5
114,4,23
114,Q,16
114,V,60
114,d,1
114,k,44
114,r,24
114,t,14
114,O,53
114,f,9
114,n,30
114,3,25
114,A,35
114,L,37
114,P,7
114,Y,49
114,F,6
114,H,28
114,J,29
114,5,26
114,c,20
114,e,19
114,m,45
114,z,42
114,9,52
114,K,33
114,Z,50
114,l,54
114,2,10
114,C,0
114,D,36
114,N,39
114,X,48
114,v,51
114,y,15
114,8,58
114,I,59
114,g,4
114,s,41
114,T,34
114,U,38
114,1,55
114,G,27
114,R,17
114,a,12
114,p,40
114,u,21
114,7,11
114,B,56
114,M,32
114,o,46
114,S,47
114,6,3
114,W,8
114,b,18
114,h,57
114,i,43
114,q,13
114,w,22
114,0,2
115,U,38
115,G,27
115,Y,49
115,k,44
115,q,13
115,w,22
115,7,11
115,Q,16
115,S,47
115,V,60
115,b,18
115,p,40
115,r,24
115,9,52
115,E,31
115,M,32
115,O,53
115,d,1
115,h,57
115,i,43
115,o,46
115,A,35
115,c,20
115,m,45
115,x,5
115,y,15
115,R,17
115,T,34
115,s,41
115,t,14
115,u,21
115,z,42
115,4,23
115,W,8
115,a,12
115,N,39
115,D,36
115,F,6
115,H,28
115,J,29
115,K,33
115,2,10
115,C,0
115,g,4
115,3,25
115,Z,50
115,v,51
115,1,55
115,I,59
115,P,7
115,X,48
115,f,9
115,j,61
115,l,54
115,B,56
115,e,19
115,n,30
115,0,2
115,6,3
115,8,58
115,L,37
115,5,26
2,O,53
2,G,27
2,8,58
2,r,24
2,E,31
2,6,3
2,9,52
2,v,51
2,F,6
2,L,37
2,W,8
2,b,18
2,f,9
2,n,30
2,A,35
2,P,7
2,I,59
2,Y,49
2,Z,50
2,a,12
2,j,61
2,o,46
2,5,26
2,K,33
2,H,28
2,T,34
2,c,20
2,g,4
2,k,44
2,t,14
2,D,36
2,p,40
2,s,41
2,1,55
2,h,57
2,u,21
2,3,25
2,B,56
2,C,0
2,V,60
2,d,1
2,m,45
2,z,42
2,4,23
2,R,17
2,M,32
2,U,38
2,e,19
2,J,29
2,X,48
2,w,22
2,y,15
2,N,39
2,2,10
2,Q,16
2,i,43
2,l,54
2,q,13
2,x,5
2,0,2
2,7,11
2,S,47
65,0,68
65,1,63
65,9,67
65,5,71
65,6,65
65,7,66
65,8,72
65,2,69
65,3,70
65,4,64
89,(,116
116,(,116
117,ɛ,118
117,ɛ,119
117,ɛ,120
117,ɛ,121
117,ɛ,122
117,ɛ,123
117,ɛ,124
117,ɛ,125
117,ɛ,126
117,ɛ,127
117,ɛ,128
117,ɛ,129
117,ɛ,130
117,ɛ,131
117,ɛ,132
117,ɛ,133
117,ɛ,134
117,ɛ,135
117,ɛ,136
117,ɛ,137
117,ɛ,138
117,ɛ,139
117,ɛ,140
117,ɛ,141
117,ɛ,142
117,ɛ,143
117,ɛ,144
117,ɛ,145
117,ɛ,146
117,ɛ,147
117,ɛ,148
117,ɛ,149
117,ɛ,150
117,ɛ,151
117,ɛ,152
117,ɛ,153
117,ɛ,154
117,ɛ,155
117,ɛ,156
117,ɛ,157
117,ɛ,158
117,ɛ,159
117,ɛ,160
117,ɛ,161
117,ɛ,162
117,ɛ,163
117,ɛ,164
117,ɛ,165
117,ɛ,166
117,ɛ,167
117,ɛ,168
117,ɛ,169
117,ɛ,170
117,ɛ,171
117,ɛ,172
117,ɛ,173
117,ɛ,174
117,ɛ,175
117,ɛ,176
117,ɛ,177
117,ɛ,178
117,ɛ,179
117,ɛ,180
117,ɛ,181
117,ɛ,182
117,ɛ,183
117,ɛ,184
117,ɛ,185
117,ɛ,186
117,ɛ,187
117,ɛ,188
117,ɛ,189
117,ɛ,190
117,ɛ,191
117,ɛ,192
117,ɛ,193
117,ɛ,194
117,ɛ,195
117,ɛ,196
117,ɛ,197
117,ɛ,198
117,ɛ,199
117,ɛ,200
117,ɛ,201
117,ɛ,202
117,ɛ,203
117,ɛ,204
117,ɛ,205
117,ɛ,206
117,ɛ,207
117,ɛ,208
117,ɛ,209
117,ɛ,210
117,ɛ,211
117,ɛ,212
117,ɛ,213
117,ɛ,214
117,ɛ,215
117,ɛ,216
117,ɛ,217
117,ɛ,218
117,ɛ,219
117,ɛ,220
117,ɛ,221
117,ɛ,222
117,ɛ,223
117,ɛ,224
117,ɛ,225
117,ɛ,226
117,ɛ,227
117,ɛ,228
117,ɛ,229
117,ɛ,230
117,ɛ,231
117,ɛ,232
117,ɛ,233
117,ɛ,234
117,ɛ,235
117,ɛ,236
117,ɛ,237
117,ɛ,238
117,ɛ,239
117,ɛ,240
117,ɛ,241
117,ɛ,242
117,ɛ,243
117,ɛ,84
117,ɛ,244
117,ɛ,88
117,ɛ,245
117,ɛ,95
117,ɛ,246
117,ɛ,247
117,ɛ,248
117,ɛ,96
117,ɛ,249
117,ɛ,98
117,ɛ,250
117,ɛ,111
117,ɛ,251
27,S,47
27,q,13
27,s,41
27,4,23
27,6,3
27,D,36
27,G,27
27,I,59
27,P,7
27,X,48
27,e,19
27,l,54
27,o,46
27,E,31
27,F,6
27,a,12
27,t,14
27,w,22
27,x,5
27,Y,49
27,h,57
27,z,42
27,b,18
27,K,33
27,p,40
27,u,21
27,A,35
27,Z,50
27,j,61
27,3,25
27,U,38
27,m,45
27,0,2
27,B,56
27,Q,16
27,W,8
27,N,39
27,c,20
27,n,30
27,r,24
27,O,53
27,V,60
27,C,0
27,f,9
27,1,55
27,T,34
27,L,37
27,R,17
27,d,1
27,i,43
27,9,52
27,J,29
27,y,15
27,2,10
27,7,11
27,8,58
27,v,51
27,M,32
27,g,4
27,k,44
27,5,26
27,H,28
242,=,252
58,Z,50
58,X,48
58,h,57
58,i,43
58,B,56
58,I,59
58,T,34
58,7,11
58,C,0
58,G,27
58,v,51
58,w,22
58,3,25
58,D,36
58,W,8
58,6,3
58,q,13
58,4,23
58,P,7
58,Q,16
58,9,52
58,E,31
58,M,32
58,V,60
58,r,24
58,s,41
58,c,20
58,t,14
58,O,53
58,u,21
58,f,9
58,g,4
58,j,61
58,n,30
58,o,46
58,H,28
58,a,12
58,e,19
58,x,5
58,y,15
58,A,35
58,N,39
58,l,54
58,p,40
58,2,10
58,U,38
58,b,18
58,R,17
58,d,1
58,m,45
58,0,2
58,1,55
58,J,29
58,K,33
58,Y,49
58,F,6
58,L,37
58,z,42
58,5,26
58,8,58
58,S,47
58,k,44
50,B,56
50,O,53
50,r,24
50,w,22
50,2,10
50,N,39
50,S,47
50,g,4
50,n,30
50,4,23
50,9,52
50,F,6
50,V,60
50,l,54
50,3,25
50,k,44
50,7,11
50,8,58
50,c,20
50,m,45
50,R,17
50,h,57
50,j,61
50,6,3
50,i,43
50,o,46
50,5,26
50,I,59
50,K,33
50,T,34
50,d,1
50,f,9
50,s,41
50,A,35
50,M,32
50,Y,49
50,Z,50
50,D,36
50,H,28
50,1,55
50,0,2
50,E,31
50,P,7
50,q,13
50,u,21
50,G,27
50,U,38
50,v,51
50,e,19
50,X,48
50,a,12
50,x,5
50,y,15
50,C,0
50,L,37
50,Q,16
50,W,8
50,z,42
50,J,29
50,b,18
50,p,40
50,t,14
253,v,51
253,w,22
253,C,0
253,e,19
253,h,57
253,T,34
253,t,14
253,1,55
253,I,59
253,4,23
253,n,30
253,6,3
253,N,39
253,R,17
253,H,28
253,L,37
253,u,21
253,X,48
253,Z,50
253,f,9
253,j,61
253,m,45
253,A,35
253,E,31
253,J,29
253,r,24
253,s,41
253,z,42
253,Y,49
253,g,4
253,q,13
253,i,43
253,k,44
253,l,54
253,0,2
253,U,38
253,a,12
253,d,1
253,3,25
253,F,6
253,Q,16
253,2,10
253,K,33
253,p,40
253,D,36
253,M,32
253,c,20
253,B,56
253,o,46
253,G,27
253,V,60
253,5,26
253,8,58
253,O,53
253,P,7
253,x,5
253,y,15
253,7,11
253,9,52
253,S,47
253,W,8
253,b,18
11,d,1
11,w,22
11,6,3
11,M,32
11,g,4
11,h,57
11,D,36
11,T,34
11,U,38
11,y,15
11,K,33
11,e,19
11,j,61
11,z,42
11,b,18
11,F,6
11,J,29
11,S,47
11,V,60
11,f,9
11,m,45
11,r,24
11,C,0
11,P,7
11,t,14
11,8,58
11,Y,49
11,v,51
11,0,2
11,1,55
11,a,12
11,O,53
11,i,43
11,o,46
11,5,26
11,E,31
11,I,59
11,Q,16
11,p,40
11,u,21
11,A,35
11,Z,50
11,k,44
11,q,13
11,N,39
11,9,52
11,R,17
11,x,5
11,L,37
11,H,28
11,X,48
11,3,25
11,B,56
11,4,23
11,l,54
11,W,8
11,c,20
11,n,30
11,s,41
11,2,10
11,7,11
11,G,27
254,3,70
254,4,64
254,5,71
254,9,67
254,1,63
254,2,69
254,6,65
254,7,66
254,8,72
254,0,68
255,[,256
257,8,58
257,F,6
257,j,61
257,o,46
257,s,41
257,c,20
257,i,43
257,l,54
257,h,57
257,m,45
257,r,24
257,w,22
257,x,5
257,A,35
257,W,8
257,Y,49
257,Z,50
257,0,2
257,C,0
257,y,15
257,6,3
257,g,4
257,1,55
257,7,11
257,9,52
257,M,32
257,S,47
257,V,60
257,p,40
257,q,13
257,t,14
257,4,23
257,J,29
257,K,33
257,O,53
257,e,19
257,X,48
257,k,44
257,u,21
257,2,10
257,v,51
257,3,25
257,5,26
257,D,36
257,I,59
257,N,39
257,R,17
257,E,31
257,d,1
257,n,30
257,z,42
257,H,28
257,B,56
257,G,27
257,P,7
257,a,12
257,b,18
257,f,9
257,L,37
257,Q,16
257,T,34
257,U,38
258,C,0
258,T,34
258,X,48
258,c,20
258,A,35
258,M,32
258,p,40
258,0,2
258,n,30
258,r,24
258,9,52
258,F,6
258,O,53
258,d,1
258,e,19
258,R,17
258,b,18
258,3,25
258,K,33
258,V,60
258,h,57
258,5,26
258,B,56
258,s,41
258,t,14
258,x,5
258,y,15
258,7,11
258,P,7
258,W,8
258,Z,50
258,q,13
258,l,54
258,m,45
258,6,3
258,U,38
258,i,43
258,4,23
258,j,61
258,2,10
258,I,59
258,f,9
258,g,4
258,k,44
258,G,27
258,H,28
258,J,29
258,Q,16
258,D,36
258,w,22
258,8,58
258,v,51
258,z,42
258,1,55
258,E,31
258,N,39
258,S,47
258,Y,49
258,L,37
258,a,12
258,o,46
258,u,21
197,G,104
197,d,75
197,8,78
197,i,259
197,l,106
197,1,78
197,5,78
197,C,100
197,L,260
197,Q,91
197,g,261
197,y,262
197,D,258
197,M,257
197,P,263
197,q,115
197,v,92
197,6,78
197,E,108
197,F,264
197,J,265
197,K,83
197,W,266
197,s,76
197,z,267
197,N,253
197,e,268
197,7,78
197,I,269
197,h,99
197,n,270
197,0,78
197,H,271
197,f,272
197,3,78
197,a,273
197,m,107
197,r,94
197,x,274
197,B,275
197,S,276
197,p,113
197,A,103
197,o,277
197,t,278
197,9,78
197,X,82
197,Z,279
197,b,280
197,u,114
197,T,86
197,4,78
197,O,109
197,R,105
197,V,101
197,j,281
197,2,78
197,U,282
197,Y,77
197,c,90
197,k,283
197,w,284
284,E,31
284,O,53
284,f,9
284,v,51
284,w,22
284,2,10
284,A,35
284,Z,50
284,r,24
284,6,3
284,H,28
284,g,4
284,G,27
284,L,37
284,i,43
284,D,36
284,P,7
284,Q,16
284,b,18
284,F,6
284,V,60
284,K,33
284,W,8
284,s,41
284,y,15
284,N,39
284,h,57
284,n,30
284,q,13
284,0,2
284,R,17
284,X,48
284,d,1
284,l,54
284,T,34
284,c,20
284,j,61
284,a,12
284,S,47
284,U,38
284,e,19
284,8,58
284,I,59
284,t,14
284,5,26
284,J,29
284,k,44
284,x,5
284,1,55
284,B,56
284,m,45
284,p,40
284,u,21
284,4,23
284,Y,49
284,M,32
284,C,0
284,z,42
284,3,25
284,7,11
284,9,52
284,o,46
1,p,40
1,z,42
1,A,35
1,W,8
1,b,18
1,y,15
1,w,22
1,B,56
1,Y,49
1,d,1
1,t,14
1,n,30
1,q,13
1,s,41
1,2,10
1,4,23
1,C,0
1,O,53
1,c,20
1,l,54
1,Q,16
1,T,34
1,e,19
1,5,26
1,8,58
1,F,6
1,L,37
1,N,39
1,a,12
1,1,55
1,6,3
1,Z,50
1,h,57
1,u,21
1,v,51
1,D,36
1,G,27
1,R,17
1,g,4
1,S,47
1,k,44
1,0,2
1,J,29
1,m,45
1,X,48
1,i,43
1,o,46
1,r,24
1,E,31
1,K,33
1,P,7
1,V,60
1,x,5
1,U,38
1,f,9
1,j,61
1,3,25
1,I,59
1,M,32
1,7,11
1,H,28
1,9,52
28,a,12
28,6,3
28,9,52
28,D,36
28,O,53
28,n,30
28,y,15
28,G,27
28,j,61
28,k,44
28,K,33
28,P,7
28,S,47
28,c,20
28,8,58
28,A,35
28,H,28
28,L,37
28,M,32
28,Y,49
28,4,23
28,B,56
28,E,31
28,l,54
28,7,11
28,T,34
28,g,4
28,m,45
28,2,10
28,X,48
28,Z,50
28,w,22
28,z,42
28,W,8
28,C,0
28,R,17
28,h,57
28,o,46
28,u,21
28,I,59
28,d,1
28,5,26
28,b,18
28,3,25
28,Q,16
28,e,19
28,f,9
28,p,40
28,r,24
28,t,14
28,F,6
28,N,39
28,i,43
28,q,13
28,J,29
28,0,2
28,U,38
28,V,60
28,s,41
28,v,51
28,x,5
28,1,55
260,W,8
260,a,12
260,c,20
260,f,9
260,u,21
260,0,2
260,B,56
260,K,33
260,V,60
260,G,27
260,J,29
260,X,48
260,Y,49
260,7,11
260,D,36
260,N,39
260,Q,16
260,Z,50
260,d,1
260,m,45
260,n,30
260,v,51
260,F,6
260,T,34
260,e,19
260,t,14
260,g,4
260,k,44
260,z,42
260,o,46
260,r,24
260,s,41
260,U,38
260,h,57
260,y,15
260,C,0
260,E,31
260,H,28
260,O,53
260,R,17
260,i,43
260,w,22
260,2,10
260,A,35
260,L,37
260,M,32
260,P,7
260,S,47
260,j,61
260,l,54
260,4,23
260,5,26
260,6,3
260,8,58
260,b,18
260,p,40
260,q,13
260,x,5
260,3,25
260,9,52
260,I,59
260,1,55
265,e,19
265,y,15
265,8,58
265,B,56
265,D,36
265,Y,49
265,E,31
265,X,48
265,j,61
265,A,35
265,S,47
265,1,55
265,g,4
265,h,57
265,x,5
265,N,39
265,W,8
265,b,18
265,s,41
265,v,51
265,0,2
265,Q,16
265,Z,50
265,p,40
265,c,20
265,d,1
265,o,46
265,t,14
265,z,42
265,C,0
265,J,29
265,i,43
265,m,45
265,q,13
265,9,52
265,H,28
265,T,34
265,U,38
265,6,3
265,O,53
265,P,7
265,V,60
265,f,9
265,k,44
265,3,25
265,7,11
265,G,27
265,K,33
265,R,17
265,r,24
265,2,10
265,M,32
265,a,12
265,u,21
265,5,26
265,I,59
265,l,54
265,4,23
265,w,22
265,F,6
265,L,37
265,n,30
261,Y,49
261,o,46
261,F,6
261,J,29
261,L,37
261,S,47
261,h,57
261,1,55
261,q,13
261,r,24
261,t,14
261,u,21
261,v,51
261,b,18
261,W,8
261,c,20
261,j,61
261,O,53
261,X,48
261,d,1
261,g,4
261,s,41
261,z,42
261,0,2
261,9,52
261,E,31
261,M,32
261,T,34
261,m,45
261,e,19
261,f,9
261,l,54
261,C,0
261,G,27
261,R,17
261,N,39
261,U,38
261,4,23
261,I,59
261,k,44
261,p,40
261,3,25
261,D,36
261,H,28
261,K,33
261,8,58
261,B,56
261,Z,50
261,Q,16
261,a,12
261,i,43
261,n,30
261,y,15
261,5,26
261,A,35
261,V,60
261,2,10
261,P,7
261,w,22
261,x,5
261,6,3
261,7,11
35,A,35
35,N,39
35,b,18
35,f,9
35,n,30
35,r,24
35,4,23
35,B,56
35,l,54
35,o,46
35,H,28
35,I,59
35,K,33
35,h,57
35,i,43
35,w,22
35,z,42
35,P,7
35,R,17
35,m,45
35,M,32
35,d,1
35,0,2
35,J,29
35,L,37
35,Q,16
35,T,34
35,U,38
35,t,14
35,v,51
35,x,5
35,5,26
35,C,0
35,E,31
35,V,60
35,u,21
35,6,3
35,D,36
35,W,8
35,c,20
35,y,15
35,2,10
35,X,48
35,Y,49
35,k,44
35,s,41
35,1,55
35,7,11
35,g,4
35,3,25
35,8,58
35,a,12
35,j,61
35,F,6
35,S,47
35,9,52
35,G,27
35,e,19
35,p,40
35,q,13
35,O,53
35,Z,50
285,1,63
285,2,69
285,3,70
285,5,71
285,6,65
285,7,66
285,9,67
285,0,68
285,4,64
285,8,72
4,5,26
4,H,28
4,c,20
4,q,13
4,3,25
4,S,47
4,i,43
4,0,2
4,4,23
4,C,0
4,K,33
4,G,27
4,l,54
4,n,30
4,9,52
4,m,45
4,6,3
4,U,38
4,Z,50
4,a,12
4,b,18
4,Q,16
4,s,41
4,w,22
4,1,55
4,V,60
4,o,46
4,p,40
4,d,1
4,j,61
4,v,51
4,x,5
4,M,32
4,O,53
4,P,7
4,T,34
4,z,42
4,X,48
4,g,4
4,h,57
4,e,19
4,k,44
4,y,15
4,2,10
4,D,36
4,E,31
4,I,59
4,L,37
4,7,11
4,A,35
4,R,17
4,Y,49
4,8,58
4,N,39
4,W,8
4,u,21
4,F,6
4,f,9
4,r,24
4,t,14
4,B,56
4,J,29
33,t,14
33,w,22
33,5,26
33,Q,16
33,R,17
33,p,40
33,s,41
33,v,51
33,C,0
33,O,53
33,z,42
33,8,58
33,H,28
33,J,29
33,Z,50
33,b,18
33,x,5
33,9,52
33,S,47
33,T,34
33,3,25
33,4,23
33,I,59
33,e,19
33,M,32
33,N,39
33,g,4
33,0,2
33,2,10
33,B,56
33,c,20
33,1,55
33,q,13
33,y,15
33,k,44
33,l,54
33,r,24
33,u,21
33,X,48
33,d,1
33,V,60
33,a,12
33,j,61
33,F,6
33,K,33
33,7,11
33,G,27
33,f,9
33,P,7
33,m,45
33,i,43
33,n,30
33,6,3
33,A,35
33,W,8
33,E,31
33,o,46
33,U,38
33,Y,49
33,h,57
33,D,36
33,L,37
22,R,17
22,X,48
22,o,46
22,3,25
22,H,28
22,Z,50
22,S,47
22,b,18
22,c,20
22,A,35
22,L,37
22,u,21
22,0,2
22,E,31
22,P,7
22,d,1
22,t,14
22,y,15
22,K,33
22,e,19
22,l,54
22,p,40
22,s,41
22,J,29
22,m,45
22,2,10
22,9,52
22,M,32
22,T,34
22,k,44
22,1,55
22,6,3
22,I,59
22,W,8
22,Y,49
22,n,30
22,r,24
22,N,39
22,z,42
22,U,38
22,h,57
22,j,61
22,O,53
22,V,60
22,a,12
22,g,4
22,5,26
22,Q,16
22,7,11
22,x,5
22,4,23
22,8,58
22,C,0
22,f,9
22,i,43
22,q,13
22,v,51
22,B,56
22,D,36
22,F,6
22,G,27
22,w,22
51,1,55
51,2,10
51,J,29
51,p,40
51,K,33
51,M,32
51,l,54
51,4,23
51,T,34
51,g,4
51,5,26
51,D,36
51,P,7
51,Q,16
51,S,47
51,Z,50
51,o,46
51,b,18
51,c,20
51,m,45
51,y,15
51,B,56
51,X,48
51,i,43
51,0,2
51,Y,49
51,x,5
51,7,11
51,V,60
51,k,44
51,e,19
51,F,6
51,d,1
51,f,9
51,q,13
51,u,21
51,A,35
51,H,28
51,L,37
51,W,8
51,v,51
51,z,42
51,I,59
51,8,58
51,C,0
51,G,27
51,t,14
51,w,22
51,3,25
51,9,52
51,R,17
51,U,38
51,a,12
51,j,61
51,n,30
51,r,24
51,E,31
51,N,39
51,O,53
51,h,57
51,s,41
51,6,3
56,t,14
56,X,48
56,L,37
56,P,7
56,e,19
56,s,41
56,w,22
56,9,52
56,C,0
56,b,18
56,u,21
56,2,10
56,H,28
56,6,3
56,N,39
56,W,8
56,r,24
56,B,56
56,a,12
56,k,44
56,v,51
56,y,15
56,J,29
56,n,30
56,7,11
56,U,38
56,F,6
56,Q,16
56,f,9
56,4,23
56,A,35
56,S,47
56,q,13
56,0,2
56,R,17
56,V,60
56,Z,50
56,p,40
56,x,5
56,G,27
56,l,54
56,i,43
56,O,53
56,T,34
56,1,55
56,K,33
56,g,4
56,h,57
56,j,61
56,m,45
56,3,25
56,E,31
56,I,59
56,Y,49
56,o,46
56,D,36
56,c,20
56,d,1
56,z,42
56,5,26
56,8,58
56,M,32
266,8,58
266,B,56
266,i,43
266,n,30
266,2,10
266,6,3
266,k,44
266,4,23
266,F,6
266,L,37
266,R,17
266,t,14
266,3,25
266,O,53
266,P,7
266,Q,16
266,W,8
266,X,48
266,c,20
266,l,54
266,e,19
266,K,33
266,M,32
266,h,57
266,v,51
266,9,52
266,b,18
266,j,61
266,1,55
266,J,29
266,f,9
266,g,4
266,N,39
266,o,46
266,r,24
266,C,0
266,G,27
266,a,12
266,s,41
266,A,35
266,D,36
266,E,31
266,H,28
266,Z,50
266,d,1
266,p,40
266,U,38
266,5,26
266,m,45
266,u,21
266,0,2
266,S,47
266,q,13
266,w,22
266,7,11
266,I,59
266,T,34
266,V,60
266,Y,49
266,x,5
266,y,15
266,z,42
286,1,63
286,2,69
286,4,64
286,6,65
286,7,66
286,8,72
286,0,68
286,3,70
286,5,71
286,9,67
6,P,7
6,i,43
6,n,30
6,1,55
6,X,48
6,L,37
6,s,41
6,Y,49
6,g,4
6,h,57
6,l,54
6,r,24
6,Q,16
6,E,31
6,M,32
6,j,61
6,B,56
6,C,0
6,T,34
6,w,22
6,0,2
6,F,6
6,J,29
6,e,19
6,v,51
6,z,42
6,A,35
6,U,38
6,p,40
6,5,26
6,D,36
6,I,59
6,R,17
6,a,12
6,f,9
6,G,27
6,c,20
6,x,5
6,3,25
6,4,23
6,6,3
6,H,28
6,O,53
6,S,47
6,m,45
6,o,46
6,9,52
6,b,18
6,q,13
6,8,58
6,K,33
6,N,39
6,V,60
6,d,1
6,2,10
6,Z,50
6,k,44
6,u,21
6,y,15
6,W,8
6,t,14
6,7,11
41,n,30
41,p,40
41,3,25
41,4,23
41,j,61
41,m,45
41,2,10
41,9,52
41,M,32
41,R,17
41,b,18
41,i,43
41,o,46
41,I,59
41,U,38
41,f,9
41,K,33
41,P,7
41,e,19
41,0,2
41,C,0
41,D,36
41,H,28
41,c,20
41,q,13
41,d,1
41,w,22
41,7,11
41,F,6
41,S,47
41,X,48
41,W,8
41,1,55
41,8,58
41,O,53
41,t,14
41,y,15
41,s,41
41,z,42
41,A,35
41,J,29
41,Z,50
41,L,37
41,Q,16
41,u,21
41,G,27
41,a,12
41,k,44
41,5,26
41,B,56
41,r,24
41,v,51
41,h,57
41,x,5
41,V,60
41,Y,49
41,g,4
41,l,54
41,6,3
41,E,31
41,N,39
41,T,34
279,N,39
279,V,60
279,j,61
279,n,30
279,q,13
279,z,42
279,D,36
279,l,54
279,3,25
279,L,37
279,E,31
279,H,28
279,Z,50
279,O,53
279,g,4
279,8,58
279,A,35
279,Q,16
279,W,8
279,h,57
279,m,45
279,7,11
279,K,33
279,P,7
279,k,44
279,B,56
279,I,59
279,J,29
279,S,47
279,T,34
279,f,9
279,R,17
279,t,14
279,w,22
279,x,5
279,9,52
279,y,15
279,X,48
279,c,20
279,e,19
279,i,43
279,r,24
279,s,41
279,v,51
279,4,23
279,d,1
279,o,46
279,5,26
279,G,27
279,M,32
279,Y,49
279,b,18
279,p,40
279,u,21
279,2,10
279,U,38
279,0,2
279,6,3
279,C,0
279,F,6
279,a,12
279,1,55
247,[,255
61,a,12
61,f,9
61,M,32
61,Z,50
61,B,56
61,O,53
61,h,57
61,m,45
61,s,41
61,0,2
61,4,23
61,6,3
61,T,34
61,n,30
61,o,46
61,r,24
61,x,5
61,G,27
61,H,28
61,Y,49
61,e,19
61,t,14
61,N,39
61,W,8
61,j,61
61,p,40
61,q,13
61,v,51
61,z,42
61,3,25
61,7,11
61,A,35
61,S,47
61,i,43
61,u,21
61,V,60
61,F,6
61,X,48
61,2,10
61,J,29
61,y,15
61,8,58
61,C,0
61,w,22
61,E,31
61,K,33
61,U,38
61,k,44
61,1,55
61,D,36
61,I,59
61,P,7
61,Q,16
61,R,17
61,b,18
61,l,54
61,5,26
61,d,1
61,g,4
61,9,52
61,L,37
61,c,20
269,T,34
269,y,15
269,6,3
269,7,11
269,H,28
269,J,29
269,U,38
269,B,56
269,E,31
269,V,60
269,e,19
269,z,42
269,5,26
269,l,54
269,m,45
269,4,23
269,M,32
269,W,8
269,i,43
269,u,21
269,1,55
269,D,36
269,Y,49
269,f,9
269,s,41
269,x,5
269,L,37
269,Q,16
269,c,20
269,d,1
269,k,44
269,8,58
269,a,12
269,b,18
269,j,61
269,9,52
269,C,0
269,R,17
269,S,47
269,q,13
269,h,57
269,r,24
269,2,10
269,F,6
269,P,7
269,A,35
269,X,48
269,p,40
269,t,14
269,I,59
269,n,30
269,w,22
269,G,27
269,N,39
269,3,25
269,K,33
269,O,53
269,Z,50
269,g,4
269,o,46
269,v,51
269,0,2
68,3,70
68,1,63
68,2,69
68,4,64
68,5,71
68,6,65
68,7,66
68,8,72
68,9,67
68,0,68
225,4,286
225,5,287
225,6,288
225,9,62
225,1,289
225,3,254
225,7,290
225,8,87
225,0,285
225,2,79
291,},291
263,z,42
263,5,26
263,6,3
263,9,52
263,m,45
263,P,7
263,k,44
263,v,51
263,2,10
263,F,6
263,U,38
263,Z,50
263,e,19
263,K,33
263,j,61
263,p,40
263,y,15
263,B,56
263,O,53
263,o,46
263,q,13
263,G,27
263,M,32
263,d,1
263,g,4
263,i,43
263,E,31
263,r,24
263,0,2
263,4,23
263,X,48
263,Q,16
263,s,41
263,u,21
263,1,55
263,8,58
263,H,28
263,J,29
263,L,37
263,f,9
263,h,57
263,n,30
263,3,25
263,I,59
263,w,22
263,b,18
263,N,39
263,S,47
263,V,60
263,C,0
263,T,34
263,x,5
263,7,11
263,A,35
263,W,8
263,a,12
263,D,36
263,t,14
263,Y,49
263,c,20
263,l,54
263,R,17
272,L,37
272,g,4
272,k,44
272,m,45
272,z,42
272,0,2
272,4,23
272,E,31
272,i,43
272,B,56
272,w,22
272,A,35
272,S,47
272,l,54
272,7,11
272,P,7
272,O,53
272,p,40
272,1,55
272,9,52
272,C,0
272,X,48
272,b,18
272,8,58
272,F,6
272,V,60
272,e,19
272,j,61
272,v,51
272,G,27
272,T,34
272,f,9
272,n,30
272,r,24
272,x,5
272,Q,16
272,I,59
272,K,33
272,N,39
272,d,1
272,h,57
272,D,36
272,Z,50
272,H,28
272,Y,49
272,3,25
272,W,8
272,R,17
272,6,3
272,M,32
272,c,20
272,o,46
272,u,21
272,5,26
272,J,29
272,a,12
272,t,14
272,y,15
272,U,38
272,s,41
272,2,10
272,q,13
74,{,74
14,H,28
14,k,44
14,p,40
14,q,13
14,0,2
14,5,26
14,A,35
14,S,47
14,W,8
14,b,18
14,c,20
14,f,9
14,r,24
14,1,55
14,G,27
14,7,11
14,R,17
14,T,34
14,w,22
14,O,53
14,D,36
14,I,59
14,Z,50
14,g,4
14,v,51
14,z,42
14,C,0
14,Y,49
14,l,54
14,n,30
14,4,23
14,F,6
14,y,15
14,K,33
14,Q,16
14,a,12
14,h,57
14,s,41
14,J,29
14,P,7
14,e,19
14,E,31
14,i,43
14,o,46
14,t,14
14,u,21
14,8,58
14,d,1
14,x,5
14,V,60
14,3,25
14,6,3
14,9,52
14,X,48
14,N,39
14,2,10
14,L,37
14,M,32
14,U,38
14,j,61
14,m,45
14,B,56
276,x,5
276,B,56
276,W,8
276,V,60
276,Z,50
276,0,2
276,G,27
276,U,38
276,j,61
276,3,25
276,L,37
276,e,19
276,O,53
276,Y,49
276,o,46
276,E,31
276,H,28
276,p,40
276,v,51
276,I,59
276,T,34
276,f,9
276,s,41
276,w,22
276,J,29
276,P,7
276,r,24
276,t,14
276,y,15
276,7,11
276,K,33
276,m,45
276,c,20
276,1,55
276,i,43
276,n,30
276,z,42
276,2,10
276,9,52
276,M,32
276,d,1
276,u,21
276,4,23
276,A,35
276,h,57
276,D,36
276,Q,16
276,g,4
276,k,44
276,R,17
276,a,12
276,b,18
276,q,13
276,5,26
276,6,3
276,C,0
276,F,6
276,X,48
276,l,54
276,8,58
276,N,39
276,S,47
281,F,6
281,I,59
281,g,4
281,1,55
281,5,26
281,B,56
281,a,12
281,u,21
281,0,2
281,E,31
281,K,33
281,f,9
281,y,15
281,7,11
281,G,27
281,Q,16
281,q,13
281,s,41
281,O,53
281,w,22
281,l,54
281,D,36
281,W,8
281,j,61
281,z,42
281,A,35
281,3,25
281,d,1
281,e,19
281,2,10
281,V,60
281,r,24
281,t,14
281,C,0
281,m,45
281,N,39
281,X,48
281,i,43
281,n,30
281,x,5
281,4,23
281,J,29
281,h,57
281,M,32
281,P,7
281,R,17
281,S,47
281,U,38
281,o,46
281,v,51
281,L,37
281,9,52
281,Y,49
281,6,3
281,T,34
281,8,58
281,c,20
281,Z,50
281,b,18
281,k,44
281,p,40
281,H,28
283,Z,50
283,d,1
283,j,61
283,r,24
283,z,42
283,5,26
283,I,59
283,U,38
283,v,51
283,4,23
283,L,37
283,y,15
283,f,9
283,V,60
283,h,57
283,t,14
283,9,52
283,O,53
283,i,43
283,u,21
283,a,12
283,K,33
283,M,32
283,P,7
283,W,8
283,w,22
283,J,29
283,D,36
283,G,27
283,s,41
283,E,31
283,Q,16
283,H,28
283,n,30
283,p,40
283,3,25
283,g,4
283,X,48
283,q,13
283,7,11
283,T,34
283,Y,49
283,0,2
283,1,55
283,N,39
283,l,54
283,m,45
283,6,3
283,8,58
283,S,47
283,C,0
283,F,6
283,b,18
283,o,46
283,B,56
283,e,19
283,k,44
283,x,5
283,2,10
283,c,20
283,R,17
283,A,35
97,],102
44,U,38
44,m,45
44,t,14
44,3,25
44,5,26
44,J,29
44,P,7
44,R,17
44,l,54
44,E,31
44,e,19
44,I,59
44,N,39
44,O,53
44,b,18
44,r,24
44,A,35
44,d,1
44,4,23
44,D,36
44,T,34
44,M,32
44,Y,49
44,w,22
44,2,10
44,g,4
44,L,37
44,S,47
44,c,20
44,h,57
44,7,11
44,n,30
44,6,3
44,B,56
44,Z,50
44,f,9
44,v,51
44,y,15
44,o,46
44,p,40
44,q,13
44,9,52
44,8,58
44,C,0
44,F,6
44,W,8
44,j,61
44,u,21
44,0,2
44,H,28
44,k,44
44,s,41
44,x,5
44,1,55
44,K,33
44,Q,16
44,V,60
44,X,48
44,a,12
44,i,43
44,G,27
44,z,42
45,3,25
45,E,31
45,T,34
45,o,46
45,z,42
45,Q,16
45,Z,50
45,0,2
45,O,53
45,b,18
45,1,55
45,4,23
45,B,56
45,U,38
45,a,12
45,k,44
45,m,45
45,x,5
45,K,33
45,F,6
45,J,29
45,v,51
45,8,58
45,c,20
45,A,35
45,e,19
45,p,40
45,j,61
45,u,21
45,D,36
45,Y,49
45,q,13
45,y,15
45,R,17
45,V,60
45,n,30
45,s,41
45,6,3
45,C,0
45,L,37
45,S,47
45,W,8
45,d,1
45,l,54
45,9,52
45,t,14
45,5,26
45,M,32
45,P,7
45,X,48
45,f,9
45,g,4
45,r,24
45,2,10
45,7,11
45,G,27
45,I,59
45,N,39
45,h,57
45,i,43
45,w,22
45,H,28
290,0,68
290,5,71
290,7,66
290,9,67
290,1,63
290,2,69
290,3,70
290,4,64
290,6,65
290,8,72
288,5,71
288,6,65
288,9,67
288,2,69
288,3,70
288,4,64
288,8,72
288,0,68
288,1,63
288,7,66
252,=,110
256,[,256
278,4,23
278,C,0
278,D,36
278,Z,50
278,o,46
278,r,24
278,u,21
278,x,5
278,A,35
278,H,28
278,U,38
278,i,43
278,t,14
278,w,22
278,0,2
278,G,27
278,p,40
278,s,41
278,1,55
278,L,37
278,b,18
278,z,42
278,J,29
278,O,53
278,d,1
278,m,45
278,9,52
278,V,60
278,e,19
278,7,11
278,R,17
278,W,8
278,j,61
278,y,15
278,E,31
278,c,20
278,P,7
278,Q,16
278,l,54
278,q,13
278,h,57
278,5,26
278,B,56
278,Y,49
278,g,4
278,I,59
278,N,39
278,k,44
278,v,51
278,3,25
278,6,3
278,F,6
278,8,58
278,K,33
278,T,34
278,X,48
278,a,12
278,f,9
278,M,32
278,S,47
278,n,30
278,2,10
282,y,15
282,Q,16
282,a,12
282,k,44
282,l,54
282,q,13
282,A,35
282,j,61
282,F,6
282,L,37
282,h,57
282,G,27
282,3,25
282,6,3
282,C,0
282,D,36
282,K,33
282,X,48
282,i,43
282,d,1
282,m,45
282,v,51
282,7,11
282,U,38
282,f,9
282,t,14
282,x,5
282,O,53
282,g,4
282,o,46
282,V,60
282,e,19
282,S,47
282,Y,49
282,z,42
282,9,52
282,B,56
282,r,24
282,N,39
282,W,8
282,Z,50
282,b,18
282,8,58
282,2,10
282,4,23
282,E,31
282,I,59
282,T,34
282,c,20
282,s,41
282,M,32
282,R,17
282,1,55
282,H,28
282,J,29
282,P,7
282,n,30
282,w,22
282,p,40
282,u,21
282,0,2
282,5,26
259,e,19
259,t,14
259,5,26
259,9,52
259,P,7
259,p,40
259,s,41
259,S,47
259,l,54
259,2,10
259,W,8
259,b,18
259,j,61
259,q,13
259,0,2
259,Y,49
259,n,30
259,x,5
259,z,42
259,7,11
259,m,45
259,4,23
259,B,56
259,F,6
259,L,37
259,M,32
259,E,31
259,N,39
259,O,53
259,u,21
259,G,27
259,H,28
259,I,59
259,a,12
259,k,44
259,r,24
259,1,55
259,J,29
259,T,34
259,X,48
259,g,4
259,o,46
259,w,22
259,K,33
259,h,57
259,i,43
259,3,25
259,V,60
259,Z,50
259,d,1
259,v,51
259,8,58
259,C,0
259,D,36
259,Q,16
259,R,17
259,c,20
259,6,3
259,A,35
259,U,38
259,f,9
259,y,15
57,B,56
57,N,39
57,x,5
57,9,52
57,P,7
57,S,47
57,e,19
57,l,54
57,n,30
57,y,15
57,7,11
57,C,0
57,R,17
57,W,8
57,m,45
57,o,46
57,t,14
57,0,2
57,D,36
57,E,31
57,c,20
57,A,35
57,J,29
57,V,60
57,Y,49
57,3,25
57,2,10
57,U,38
57,d,1
57,k,44
57,1,55
57,g,4
57,h,57
57,r,24
57,4,23
57,F,6
57,v,51
57,K,33
57,Q,16
57,T,34
57,a,12
57,f,9
57,i,43
57,p,40
57,u,21
57,H,28
57,M,32
57,O,53
57,X,48
57,I,59
57,Z,50
57,j,61
57,q,13
57,s,41
57,5,26
57,8,58
57,L,37
57,b,18
57,w,22
57,z,42
57,6,3
57,G,27
289,1,63
289,3,70
289,5,71
289,7,66
289,8,72
289,0,68
289,2,69
289,4,64
289,6,65
289,9,67
287,6,65
287,8,72
287,0,68
287,2,69
287,3,70
287,4,64
287,5,71
287,1,63
287,7,66
287,9,67
93,.,93
18,1,55
18,r,24
18,l,54
18,O,53
18,b,18
18,T,34
18,N,39
18,U,38
18,X,48
18,B,56
18,R,17
18,z,42
18,5,26
18,L,37
18,n,30
18,u,21
18,y,15
18,h,57
18,S,47
18,V,60
18,d,1
18,J,29
18,H,28
18,e,19
18,g,4
18,i,43
18,m,45
18,o,46
18,s,41
18,A,35
18,K,33
18,D,36
18,7,11
18,j,61
18,P,7
18,k,44
18,t,14
18,v,51
18,0,2
18,2,10
18,6,3
18,M,32
18,q,13
18,3,25
18,G,27
18,I,59
18,W,8
18,c,20
18,4,23
18,8,58
18,E,31
18,a,12
18,Y,49
18,Q,16
18,p,40
18,w,22
18,9,52
18,C,0
18,Z,50
18,f,9
18,x,5
18,F,6
274,N,39
274,d,1
274,q,13
274,8,58
274,G,27
274,Y,49
274,Z,50
274,p,40
274,x,5
274,7,11
274,H,28
274,S,47
274,e,19
274,k,44
274,O,53
274,P,7
274,a,12
274,s,41
274,F,6
274,r,24
274,v,51
274,E,31
274,K,33
274,g,4
274,o,46
274,T,34
274,n,30
274,1,55
274,Q,16
274,b,18
274,j,61
274,y,15
274,6,3
274,3,25
274,I,59
274,V,60
274,W,8
274,X,48
274,t,14
274,u,21
274,2,10
274,R,17
274,c,20
274,f,9
274,9,52
274,L,37
274,m,45
274,w,22
274,0,2
274,h,57
274,z,42
274,5,26
274,A,35
274,4,23
274,B,56
274,J,29
274,l,54
274,C,0
274,M,32
274,D,36
274,U,38
274,i,43
280,0,2
280,B,56
280,X,48
280,W,8
280,f,9
280,E,31
280,I,59
280,g,4
280,h,57
280,n,30
280,6,3
280,9,52
280,S,47
280,d,1
280,z,42
280,4,23
280,7,11
280,A,35
280,p,40
280,e,19
280,y,15
280,a,12
280,x,5
280,L,37
280,Z,50
280,i,43
280,v,51
280,5,26
280,M,32
280,N,39
280,2,10
280,V,60
280,u,21
280,q,13
280,C,0
280,T,34
280,R,17
280,b,18
280,o,46
280,1,55
280,F,6
280,O,53
280,w,22
280,c,20
280,s,41
280,Y,49
280,k,44
280,l,54
280,K,33
280,U,38
280,j,61
280,r,24
280,8,58
280,H,28
280,P,7
280,Q,16
280,G,27
280,J,29
280,t,14
280,3,25
280,D,36
280,m,45
262,N,39
262,V,60
262,e,19
262,r,24
262,I,59
262,Q,16
262,Z,50
262,C,0
262,G,27
262,K,33
262,h,57
262,y,15
262,0,2
262,9,52
262,X,48
262,m,45
262,O,53
262,S,47
262,U,38
262,l,54
262,p,40
262,z,42
262,7,11
262,f,9
262,v,51
262,d,1
262,g,4
262,j,61
262,s,41
262,x,5
262,w,22
262,D,36
262,P,7
262,R,17
262,W,8
262,a,12
262,b,18
262,o,46
262,6,3
262,J,29
262,M,32
262,E,31
262,i,43
262,n,30
262,q,13
262,t,14
262,A,35
262,T,34
262,Y,49
262,k,44
262,u,21
262,2,10
262,4,23
262,B,56
262,L,37
262,1,55
262,8,58
262,c,20
262,5,26
262,F,6
262,H,28
262,3,25
271,G,27
271,S,47
271,Y,49
271,b,18
271,B,56
271,W,8
271,d,1
271,0,2
271,L,37
271,O,53
271,g,4
271,C,0
271,I,59
271,R,17
271,m,45
271,n,30
271,o,46
271,z,42
271,9,52
271,V,60
271,h,57
271,t,14
271,v,51
271,1,55
271,5,26
271,7,11
271,T,34
271,q,13
271,e,19
271,j,61
271,4,23
271,J,29
271,M,32
271,a,12
271,k,44
271,r,24
271,3,25
271,f,9
271,s,41
271,u,21
271,x,5
271,Z,50
271,8,58
271,E,31
271,Q,16
271,i,43
271,p,40
271,A,35
271,F,6
271,H,28
271,K,33
271,N,39
271,w,22
271,D,36
271,P,7
271,y,15
271,2,10
271,6,3
271,X,48
271,U,38
271,c,20
271,l,54
5,I,59
5,J,29
5,X,48
5,i,43
5,j,61
5,L,37
5,a,12
5,g,4
5,1,55
5,D,36
5,E,31
5,4,23
5,Z,50
5,c,20
5,k,44
5,F,6
5,H,28
5,m,45
5,3,25
5,9,52
5,G,27
5,M,32
5,o,46
5,2,10
5,K,33
5,O,53
5,8,58
5,U,38
5,Q,16
5,S,47
5,W,8
5,s,41
5,A,35
5,N,39
5,T,34
5,z,42
5,Y,49
5,f,9
5,n,30
5,t,14
5,w,22
5,7,11
5,B,56
5,e,19
5,5,26
5,P,7
5,r,24
5,u,21
5,6,3
5,C,0
5,V,60
5,d,1
5,l,54
5,p,40
5,x,5
5,R,17
5,b,18
5,h,57
5,q,13
5,v,51
5,y,15
5,0,2
39,g,4
39,2,10
39,E,31
39,H,28
39,S,47
39,m,45
39,f,9
39,5,26
39,B,56
39,N,39
39,X,48
39,7,11
39,C,0
39,I,59
39,e,19
39,8,58
39,9,52
39,T,34
39,k,44
39,n,30
39,d,1
39,x,5
39,1,55
39,W,8
39,Z,50
39,p,40
39,3,25
39,D,36
39,F,6
39,U,38
39,i,43
39,j,61
39,q,13
39,b,18
39,w,22
39,y,15
39,6,3
39,Q,16
39,V,60
39,Y,49
39,t,14
39,O,53
39,R,17
39,o,46
39,r,24
39,s,41
39,M,32
39,P,7
39,l,54
39,v,51
39,4,23
39,A,35
39,c,20
39,h,57
39,L,37
39,a,12
39,u,21
39,z,42
39,0,2
39,G,27
39,J,29
39,K,33
112,},291
21,9,52
21,E,31
21,l,54
21,X,48
21,4,23
21,C,0
21,a,12
21,H,28
21,T,34
21,e,19
21,y,15
21,M,32
21,U,38
21,O,53
21,d,1
21,j,61
21,n,30
21,8,58
21,A,35
21,G,27
21,g,4
21,I,59
21,S,47
21,c,20
21,f,9
21,k,44
21,p,40
21,s,41
21,Q,16
21,W,8
21,R,17
21,h,57
21,i,43
21,r,24
21,x,5
21,P,7
21,Z,50
21,q,13
21,3,25
21,5,26
21,B,56
21,V,60
21,0,2
21,7,11
21,N,39
21,t,14
21,m,45
21,u,21
21,K,33
21,L,37
21,z,42
21,2,10
21,o,46
21,v,51
21,J,29
21,Y,49
21,b,18
21,w,22
21,1,55
21,6,3
21,D,36
21,F,6
36,v,51
36,4,23
36,8,58
36,B,56
36,H,28
36,I,59
36,J,29
36,O,53
36,9,52
36,K,33
36,N,39
36,g,4
36,w,22
36,1,55
36,Q,16
36,x,5
36,0,2
36,U,38
36,C,0
36,T,34
36,i,43
36,k,44
36,u,21
36,7,11
36,X,48
36,Y,49
36,c,20
36,f,9
36,p,40
36,2,10
36,j,61
36,l,54
36,6,3
36,n,30
36,5,26
36,F,6
36,L,37
36,R,17
36,W,8
36,d,1
36,E,31
36,G,27
36,q,13
36,t,14
36,y,15
36,A,35
36,P,7
36,V,60
36,e,19
36,h,57
36,D,36
36,o,46
36,r,24
36,3,25
36,M,32
36,Z,50
36,a,12
36,S,47
36,b,18
36,m,45
36,s,41
36,z,42
30,P,7
30,S,47
30,T,34
30,x,5
30,5,26
30,J,29
30,R,17
30,g,4
30,z,42
30,U,38
30,X,48
30,f,9
30,1,55
30,O,53
30,h,57
30,m,45
30,q,13
30,D,36
30,I,59
30,n,30
30,W,8
30,j,61
30,2,10
30,F,6
30,M,32
30,Y,49
30,l,54
30,u,21
30,v,51
30,6,3
30,G,27
30,K,33
30,7,11
30,9,52
30,B,56
30,E,31
30,c,20
30,t,14
30,H,28
30,e,19
30,0,2
30,A,35
30,3,25
30,C,0
30,N,39
30,p,40
30,s,41
30,w,22
30,8,58
30,Q,16
30,Z,50
30,i,43
30,o,46
30,r,24
30,4,23
30,L,37
30,a,12
30,b,18
30,d,1
30,k,44
30,y,15
30,V,60
43,B,56
43,C,0
43,H,28
43,L,37
43,c,20
43,A,35
43,F,6
43,O,53
43,X,48
43,h,57
43,j,61
43,M,32
43,J,29
43,V,60
43,o,46
43,r,24
43,m,45
43,q,13
43,v,51
43,5,26
43,u,21
43,1,55
43,E,31
43,I,59
43,U,38
43,W,8
43,b,18
43,p,40
43,2,10
43,N,39
43,P,7
43,S,47
43,g,4
43,x,5
43,z,42
43,D,36
43,G,27
43,Q,16
43,T,34
43,Z,50
43,y,15
43,3,25
43,e,19
43,i,43
43,l,54
43,7,11
43,8,58
43,0,2
43,6,3
43,9,52
43,K,33
43,Y,49
43,n,30
43,k,44
43,t,14
43,R,17
43,a,12
43,d,1
43,f,9
43,s,41
43,w,22
43,4,23
277,m,45
277,o,46
277,Q,16
277,b,18
277,r,24
277,y,15
277,2,10
277,3,25
277,w,22
277,0,2
277,7,11
277,h,57
277,F,6
277,L,37
277,T,34
277,X,48
277,Z,50
277,a,12
277,e,19
277,l,54
277,6,3
277,9,52
277,C,0
277,j,61
277,x,5
277,K,33
277,f,9
277,O,53
277,Y,49
277,R,17
277,d,1
277,k,44
277,n,30
277,u,21
277,i,43
277,p,40
277,s,41
277,z,42
277,1,55
277,E,31
277,J,29
277,N,39
277,S,47
277,V,60
277,8,58
277,I,59
277,c,20
277,A,35
277,B,56
277,G,27
277,M,32
277,P,7
277,v,51
277,4,23
277,5,26
277,D,36
277,H,28
277,U,38
277,W,8
277,g,4
277,q,13
277,t,14
273,F,6
273,u,21
273,Q,16
273,S,47
273,l,54
273,o,46
273,1,55
273,J,29
273,0,2
273,6,3
273,G,27
273,M,32
273,i,43
273,k,44
273,z,42
273,D,36
273,K,33
273,Y,49
273,e,19
273,L,37
273,Z,50
273,8,58
273,O,53
273,x,5
273,7,11
273,E,31
273,N,39
273,b,18
273,h,57
273,C,0
273,f,9
273,m,45
273,q,13
273,H,28
273,P,7
273,t,14
273,9,52
273,W,8
273,c,20
273,p,40
273,v,51
273,w,22
273,B,56
273,V,60
273,a,12
273,j,61
273,r,24
273,4,23
273,R,17
273,U,38
273,X,48
273,d,1
273,g,4
273,y,15
273,A,35
273,n,30
273,I,59
273,T,34
273,s,41
273,2,10
273,3,25
273,5,26
270,g,4
270,J,29
270,X,48
270,Z,50
270,b,18
270,z,42
270,7,11
270,H,28
270,L,37
270,V,60
270,l,54
270,w,22
270,y,15
270,K,33
270,W,8
270,a,12
270,h,57
270,x,5
270,0,2
270,R,17
270,c,20
270,e,19
270,v,51
270,2,10
270,S,47
270,i,43
270,p,40
270,m,45
270,6,3
270,5,26
270,A,35
270,E,31
270,f,9
270,q,13
270,8,58
270,r,24
270,F,6
270,G,27
270,d,1
270,3,25
270,o,46
270,4,23
270,B,56
270,D,36
270,k,44
270,n,30
270,s,41
270,1,55
270,C,0
270,T,34
270,Y,49
270,U,38
270,j,61
270,t,14
270,u,21
270,I,59
270,N,39
270,P,7
270,M,32
270,O,53
270,Q,16
270,9,52
264,N,39
264,D,36
264,l,54
264,u,21
264,1,55
264,9,52
264,M,32
264,e,19
264,j,61
264,4,23
264,y,15
264,B,56
264,R,17
264,X,48
264,v,51
264,Q,16
264,U,38
264,s,41
264,m,45
264,w,22
264,0,2
264,L,37
264,S,47
264,W,8
264,g,4
264,I,59
264,Z,50
264,x,5
264,5,26
264,z,42
264,E,31
264,G,27
264,i,43
264,o,46
264,n,30
264,K,33
264,V,60
264,b,18
264,k,44
264,7,11
264,O,53
264,a,12
264,h,57
264,2,10
264,J,29
264,q,13
264,3,25
264,6,3
264,d,1
264,r,24
264,8,58
264,H,28
264,P,7
264,T,34
264,c,20
264,A,35
264,Y,49
264,f,9
264,p,40
264,C,0
264,t,14
264,F,6
24,I,59
24,Q,16
24,3,25
24,U,38
24,b,18
24,p,40
24,6,3
24,N,39
24,f,9
24,o,46
24,s,41
24,Z,50
24,d,1
24,9,52
24,7,11
24,J,29
24,Y,49
24,e,19
24,k,44
24,C,0
24,L,37
24,R,17
24,y,15
24,E,31
24,g,4
24,i,43
24,v,51
24,O,53
24,j,61
24,0,2
24,2,10
24,D,36
24,W,8
24,a,12
24,m,45
24,q,13
24,z,42
24,X,48
24,l,54
24,n,30
24,F,6
24,G,27
24,K,33
24,M,32
24,u,21
24,x,5
24,P,7
24,V,60
24,h,57
24,t,14
24,c,20
24,1,55
24,H,28
24,S,47
24,8,58
24,w,22
24,4,23
24,5,26
24,A,35
24,B,56
24,T,34
24,r,24
37,z,42
37,B,56
37,E,31
37,I,59
37,R,17
37,b,18
37,i,43
37,y,15
37,A,35
37,L,37
37,p,40
37,v,51
37,1,55
37,9,52
37,7,11
37,s,41
37,C,0
37,H,28
37,O,53
37,T,34
37,c,20
37,e,19
37,o,46
37,u,21
37,8,58
37,P,7
37,G,27
37,S,47
37,X,48
37,Z,50
37,n,30
37,2,10
37,4,23
37,Y,49
37,f,9
37,x,5
37,5,26
37,D,36
37,d,1
37,m,45
37,6,3
37,J,29
37,Q,16
37,g,4
37,h,57
37,w,22
37,q,13
37,M,32
37,N,39
37,U,38
37,V,60
37,W,8
37,F,6
37,r,24
37,0,2
37,3,25
37,t,14
37,K,33
37,a,12
37,j,61
37,k,44
37,l,54
34,A,35
34,K,33
34,U,38
34,W,8
34,n,30
34,9,52
34,L,37
34,O,53
34,Q,16
34,h,57
34,l,54
34,1,55
34,P,7
34,c,20
34,o,46
34,6,3
34,X,48
34,a,12
34,w,22
34,0,2
34,3,25
34,M,32
34,N,39
34,T,34
34,V,60
34,z,42
34,u,21
34,2,10
34,G,27
34,I,59
34,J,29
34,b,18
34,e,19
34,s,41
34,R,17
34,B,56
34,E,31
34,S,47
34,Z,50
34,i,43
34,k,44
34,4,23
34,C,0
34,H,28
34,Y,49
34,x,5
34,y,15
34,f,9
34,t,14
34,v,51
34,d,1
34,g,4
34,5,26
34,7,11
34,8,58
34,F,6
34,p,40
34,D,36
34,j,61
34,q,13
34,m,45
34,r,24
29,G,27
29,q,13
29,w,22
29,k,44
29,9,52
29,C,0
29,K,33
29,f,9
29,j,61
29,5,26
29,D,36
29,R,17
29,c,20
29,3,25
29,6,3
29,t,14
29,u,21
29,1,55
29,0,2
29,8,58
29,H,28
29,N,39
29,b,18
29,V,60
29,X,48
29,A,35
29,M,32
29,U,38
29,m,45
29,7,11
29,g,4
29,l,54
29,2,10
29,J,29
29,W,8
29,d,1
29,Q,16
29,i,43
29,p,40
29,F,6
29,I,59
29,L,37
29,E,31
29,B,56
29,Z,50
29,a,12
29,P,7
29,x,5
29,y,15
29,n,30
29,o,46
29,v,51
29,S,47
29,T,34
29,Y,49
29,O,53
29,r,24
29,z,42
29,4,23
29,e,19
29,h,57
29,s,41
275,i,43
275,t,14
275,E,31
275,G,27
275,J,29
275,h,57
275,l,54
275,C,0
275,r,24
275,4,23
275,j,61
275,p,40
275,O,53
275,Q,16
275,T,34
275,Z,50
275,c,20
275,e,19
275,w,22
275,x,5
275,2,10
275,N,39
275,V,60
275,5,26
275,B,56
275,g,4
275,m,45
275,u,21
275,v,51
275,3,25
275,n,30
275,7,11
275,W,8
275,Y,49
275,1,55
275,6,3
275,8,58
275,M,32
275,R,17
275,S,47
275,X,48
275,o,46
275,D,36
275,F,6
275,L,37
275,f,9
275,q,13
275,s,41
275,0,2
275,9,52
275,H,28
275,K,33
275,P,7
275,d,1
275,y,15
275,I,59
275,U,38
275,b,18
275,k,44
275,A,35
275,a,12
275,z,42
268,Y,49
268,b,18
268,e,19
268,w,22
268,6,3
268,s,41
268,t,14
268,P,7
268,p,40
268,9,52
268,V,60
268,a,12
268,k,44
268,2,10
268,v,51
268,D,36
268,I,59
268,R,17
268,T,34
268,X,48
268,u,21
268,A,35
268,H,28
268,S,47
268,i,43
268,m,45
268,y,15
268,B,56
268,r,24
268,Z,50
268,l,54
268,7,11
268,8,58
268,F,6
268,W,8
268,n,30
268,o,46
268,0,2
268,E,31
268,M,32
268,d,1
268,j,61
268,h,57
268,z,42
268,4,23
268,O,53
268,f,9
268,q,13
268,1,55
268,g,4
268,5,26
268,G,27
268,K,33
268,L,37
268,Q,16
268,x,5
268,C,0
268,J,29
268,3,25
268,N,39
268,U,38
268,c,20
267,D,36
267,b,18
267,5,26
267,6,3
267,Q,16
267,Y,49
267,a,12
267,0,2
267,X,48
267,s,41
267,A,35
267,n,30
267,R,17
267,V,60
267,E,31
267,g,4
267,7,11
267,z,42
267,3,25
267,N,39
267,T,34
267,m,45
267,y,15
267,t,14
267,1,55
267,2,10
267,C,0
267,P,7
267,d,1
267,r,24
267,U,38
267,o,46
267,q,13
267,K,33
267,L,37
267,M,32
267,x,5
267,4,23
267,H,28
267,J,29
267,O,53
267,e,19
267,B,56
267,G,27
267,c,20
267,i,43
267,h,57
267,p,40
267,9,52
267,Z,50
267,f,9
267,v,51
267,I,59
267,l,54
267,k,44
267,u,21
267,w,22
267,8,58
267,F,6
267,S,47
267,W,8
267,j,61
40,U,38
40,b,18
40,B,56
40,E,31
40,R,17
40,X,48
40,c,20
40,i,43
40,0,2
40,a,12
40,p,40
40,s,41
40,t,14
40,4,23
40,5,26
40,F,6
40,G,27
40,v,51
40,1,55
40,Z,50
40,n,30
40,3,25
40,7,11
40,A,35
40,J,29
40,S,47
40,d,1
40,o,46
40,H,28
40,O,53
40,D,36
40,I,59
40,T,34
40,r,24
40,w,22
40,2,10
40,j,61
40,C,0
40,K,33
40,L,37
40,q,13
40,y,15
40,Q,16
40,W,8
40,Y,49
40,9,52
40,N,39
40,e,19
40,f,9
40,k,44
40,x,5
40,z,42
40,6,3
40,P,7
40,g,4
40,h,57
40,l,54
40,u,21
40,M,32
40,V,60
40,m,45
40,8,58
64,0,68
64,3,70
64,6,65
64,7,66
64,8,72
64,9,67
64,1,63
64,2,69
64,4,64
64,5,71
17,M,32
17,Z,50
17,h,57
17,r,24
17,6,3
17,S,47
17,i,43
17,D,36
17,y,15
17,7,11
17,B,56
17,O,53
17,e,19
17,w,22
17,4,23
17,J,29
17,g,4
17,q,13
17,H,28
17,N,39
17,c,20
17,l,54
17,9,52
17,F,6
17,m,45
17,o,46
17,v,51
17,3,25
17,R,17
17,a,12
17,u,21
17,C,0
17,G,27
17,n,30
17,x,5
17,A,35
17,I,59
17,0,2
17,E,31
17,P,7
17,Q,16
17,V,60
17,s,41
17,T,34
17,W,8
17,b,18
17,j,61
17,L,37
17,t,14
17,U,38
17,Y,49
17,d,1
17,f,9
17,1,55
17,X,48
17,p,40
17,z,42
17,K,33
17,k,44
17,2,10
17,5,26
17,8,58
38,N,39
38,Z,50
38,f,9
38,r,24
38,A,35
38,I,59
38,b,18
38,m,45
38,n,30
38,B,56
38,j,61
38,1,55
38,6,3
38,8,58
38,C,0
38,G,27
38,O,53
38,y,15
38,L,37
38,k,44
38,o,46
38,t,14
38,7,11
38,J,29
38,Y,49
38,s,41
38,h,57
38,3,25
38,F,6
38,K,33
38,X,48
38,d,1
38,e,19
38,D,36
38,U,38
38,M,32
38,W,8
38,q,13
38,0,2
38,P,7
38,S,47
38,T,34
38,c,20
38,l,54
38,H,28
38,u,21
38,5,26
38,R,17
38,a,12
38,g,4
38,9,52
38,E,31
38,Q,16
38,v,51
38,z,42
38,2,10
38,V,60
38,i,43
38,p,40
38,w,22
38,x,5
38,4,23
63,1,63
63,2,69
63,4,64
63,6,65
63,8,72
63,9,67
63,0,68
63,5,71
63,7,66
63,3,70
